Calibration values from cell 0 to 1024 for channel 0:

64	-10	69	22	29	10	29	6	cell = 0 to 7
61	31	53	3	26	-15	50	-35	cell = 8 to 15
64	-41	52	-25	45	50	51	-31	cell = 16 to 23
66	-27	4	-29	114	2	45	-8	cell = 24 to 31
87	-12	76	10	44	-10	22	2	cell = 32 to 39
62	2	77	-23	19	10	82	-9	cell = 40 to 47
34	13	103	-29	18	12	57	-20	cell = 48 to 55
52	-11	62	9	19	2	60	23	cell = 56 to 63
40	-16	57	-15	18	-12	24	10	cell = 64 to 71
67	-77	66	12	50	-6	25	20	cell = 72 to 79
45	-9	19	-36	16	-16	76	-39	cell = 80 to 87
60	-35	96	-33	55	-2	39	-2	cell = 88 to 95
34	16	77	-4	27	2	28	-6	cell = 96 to 103
41	16	32	-13	56	31	58	7	cell = 104 to 111
45	18	27	-47	38	11	94	-40	cell = 112 to 119
47	13	30	-32	43	-8	33	-2	cell = 120 to 127
19	27	31	-13	74	-22	57	0	cell = 128 to 135
3	-42	79	1	45	27	70	-29	cell = 136 to 143
33	-7	33	-9	-10	-33	61	10	cell = 144 to 151
55	-27	36	-5	47	6	54	-20	cell = 152 to 159
13	18	42	-8	39	-27	34	-20	cell = 160 to 167
34	15	77	13	36	-62	34	-35	cell = 168 to 175
63	41	46	-6	17	11	34	-37	cell = 176 to 183
63	17	48	2	38	-1	57	9	cell = 184 to 191
40	-43	40	15	38	-9	76	-10	cell = 192 to 199
1	23	29	-16	56	-36	69	-4	cell = 200 to 207
27	37	69	1	34	29	68	-16	cell = 208 to 215
30	-37	61	-3	32	-32	55	-17	cell = 216 to 223
56	-14	52	-8	59	22	22	27	cell = 224 to 231
28	12	29	-2	-12	13	38	1	cell = 232 to 239
36	7	25	-58	26	13	22	-12	cell = 240 to 247
45	-5	67	11	44	8	32	-31	cell = 248 to 255
69	13	26	-3	6	13	62	18	cell = 256 to 263
39	-4	64	-16	46	6	37	-7	cell = 264 to 271
60	-25	42	0	10	16	50	-30	cell = 272 to 279
67	16	46	-17	65	-16	67	-1	cell = 280 to 287
58	0	36	-16	5	-8	67	28	cell = 288 to 295
37	0	64	-53	46	9	26	-41	cell = 296 to 303
19	3	21	7	53	-31	51	9	cell = 304 to 311
-4	33	72	7	65	0	60	-19	cell = 312 to 319
0	-3	42	28	36	-32	49	-9	cell = 320 to 327
9	-17	46	26	72	15	17	-41	cell = 328 to 335
40	44	54	-24	11	-23	13	31	cell = 336 to 343
24	-27	52	-18	42	3	21	-7	cell = 344 to 351
50	16	42	11	24	-4	67	-42	cell = 352 to 359
2	1	51	-14	37	6	18	-12	cell = 360 to 367
14	25	29	-38	31	19	41	-13	cell = 368 to 375
29	-8	46	-11	61	12	79	-11	cell = 376 to 383
-5	-49	27	0	51	13	50	-23	cell = 384 to 391
2	3	0	-22	35	36	67	-44	cell = 392 to 399
52	-6	66	-19	30	6	56	36	cell = 400 to 407
26	3	76	-12	43	28	13	-29	cell = 408 to 415
22	-5	26	2	-11	-12	45	-20	cell = 416 to 423
53	-17	77	-10	34	6	20	-3	cell = 424 to 431
31	17	37	0	40	39	26	-79	cell = 432 to 439
15	4	27	-15	49	-28	5	5	cell = 440 to 447
28	18	24	-52	18	1	15	12	cell = 448 to 455
65	-10	53	-33	72	2	71	5	cell = 456 to 463
32	52	70	-57	50	-40	10	1	cell = 464 to 471
38	-8	50	6	73	4	28	17	cell = 472 to 479
67	-12	73	2	58	20	57	-28	cell = 480 to 487
-4	8	29	15	-5	-28	43	-30	cell = 488 to 495
44	13	-34	-37	-4	-85	-11	-78	cell = 496 to 503
78	-1	61	-16	43	-7	8	-64	cell = 504 to 511
-35	-30	-14	-15	5	-51	-38	-10	cell = 512 to 519
-5	-37	-10	-3	9	-35	-35	-7	cell = 520 to 527
-29	-21	-6	-42	-42	-46	-13	-55	cell = 528 to 535
0	37	-9	0	2	-19	-48	-32	cell = 536 to 543
-2	-45	7	6	-12	8	-61	-33	cell = 544 to 551
-26	-37	-21	-11	-50	-7	-39	-50	cell = 552 to 559
-57	-6	-20	-38	-37	-41	-40	-35	cell = 560 to 567
-31	24	-14	1	-42	-34	-35	-36	cell = 568 to 575
-21	-27	-11	-6	-39	-28	-39	-22	cell = 576 to 583
-1	-44	-5	-3	1	-28	-29	-30	cell = 584 to 591
-35	15	-27	0	-49	-6	-16	-41	cell = 592 to 599
10	10	1	-10	-33	20	-10	-30	cell = 600 to 607
-27	-7	-26	-17	-15	22	-25	-42	cell = 608 to 615
-8	-19	-31	-35	-4	-27	3	-29	cell = 616 to 623
5	14	-31	-19	-48	-56	-18	-21	cell = 624 to 631
-36	-48	-22	11	-20	16	-10	-6	cell = 632 to 639
-37	-36	-14	21	-33	-43	-10	-27	cell = 640 to 647
-10	-48	-15	0	-26	-38	-46	-12	cell = 648 to 655
-48	-4	-76	30	-35	-45	-45	34	cell = 656 to 663
-13	-25	4	-22	32	-38	-38	-24	cell = 664 to 671
-43	-7	-35	10	22	-63	-66	-19	cell = 672 to 679
11	3	-68	-43	-35	-3	-24	12	cell = 680 to 687
13	25	21	23	-19	-49	-37	-44	cell = 688 to 695
-12	-14	-8	-46	-10	-6	4	-21	cell = 696 to 703
11	-8	-33	-1	18	-32	-44	9	cell = 704 to 711
-25	48	3	-39	-8	16	-55	-21	cell = 712 to 719
-74	3	30	-32	-26	-39	-11	2	cell = 720 to 727
-33	0	-13	-39	1	-60	-10	-8	cell = 728 to 735
-47	13	-13	-19	21	8	18	-32	cell = 736 to 743
-8	-7	-41	-6	-41	7	-14	-9	cell = 744 to 751
-21	-17	9	-8	-10	-18	-20	-47	cell = 752 to 759
-9	-15	-56	-21	-24	9	-10	-50	cell = 760 to 767
-45	-60	-61	6	-31	-26	-36	-58	cell = 768 to 775
-59	-91	-19	-5	-17	-10	-46	-1	cell = 776 to 783
-28	8	-41	-17	4	-16	33	-24	cell = 784 to 791
-4	2	-47	-33	-3	-20	-38	-19	cell = 792 to 799
-21	-9	-30	24	34	-36	-28	-23	cell = 800 to 807
-15	-13	-13	-8	0	-36	0	-20	cell = 808 to 815
-25	11	-32	6	36	16	-10	-18	cell = 816 to 823
-3	-11	-29	-34	-11	-29	-54	25	cell = 824 to 831
9	-20	-8	4	18	9	-18	-43	cell = 832 to 839
16	-22	-18	-8	-42	-12	-45	1	cell = 840 to 847
-3	-20	-47	-14	7	-18	-31	-52	cell = 848 to 855
-32	-19	-32	23	-1	6	-8	-3	cell = 856 to 863
14	-4	3	1	-73	-17	-39	-50	cell = 864 to 871
-28	-2	-38	-20	-30	0	6	9	cell = 872 to 879
-37	-15	-45	32	-28	45	-30	0	cell = 880 to 887
-43	-24	8	-35	-22	-25	-29	-34	cell = 888 to 895
-26	-13	-31	-11	-10	-53	-12	-22	cell = 896 to 903
-18	1	-30	62	-8	-39	-24	1	cell = 904 to 911
20	-44	-27	-29	-3	6	16	-51	cell = 912 to 919
-48	6	-46	-2	-21	-54	-26	-21	cell = 920 to 927
-37	-24	-21	-64	12	6	-16	-32	cell = 928 to 935
2	-54	-31	-9	8	-47	-2	18	cell = 936 to 943
-15	21	-35	-23	-27	2	-52	-18	cell = 944 to 951
17	-13	-6	-2	12	-26	-1	23	cell = 952 to 959
-12	-18	-2	-43	-12	-14	-50	-26	cell = 960 to 967
-11	-14	-43	15	-50	-19	-36	4	cell = 968 to 975
4	-4	-8	-26	-55	-28	-45	-4	cell = 976 to 983
-3	-7	9	-2	-29	-25	-5	-6	cell = 984 to 991
19	-47	-16	-7	9	-9	8	-43	cell = 992 to 999
0	-34	-51	10	8	-29	-52	2	cell = 1000 to 1007
-52	-1	-80	-62	7	2	-62	-46	cell = 1008 to 1015
31	-17	-12	-41	11	-41	-32	-36	cell = 1016 to 1023
Calibration values from cell 0 to 1024 for channel 1:

39	-10	13	-22	81	-10	41	-25	cell = 0 to 7
-1	-37	27	38	15	20	77	-39	cell = 8 to 15
12	-15	72	2	36	7	41	-50	cell = 16 to 23
27	4	36	-13	37	-10	16	14	cell = 24 to 31
42	-8	64	-3	55	-9	64	-33	cell = 32 to 39
34	5	77	-6	19	-25	74	-8	cell = 40 to 47
19	2	91	-41	74	-17	71	-9	cell = 48 to 55
51	4	102	0	-2	-20	62	11	cell = 56 to 63
-13	17	23	-45	35	-41	-7	-1	cell = 64 to 71
60	-25	48	17	65	-4	0	7	cell = 72 to 79
60	-7	69	-31	10	-7	-9	-28	cell = 80 to 87
78	-17	-7	1	34	-8	47	-44	cell = 88 to 95
39	-27	46	9	24	27	51	-8	cell = 96 to 103
31	48	24	-36	61	11	58	10	cell = 104 to 111
33	-4	52	-28	18	10	54	-39	cell = 112 to 119
-2	6	53	5	65	-25	37	-15	cell = 120 to 127
32	-18	67	17	40	-38	28	-11	cell = 128 to 135
49	-20	49	-43	-10	9	61	-14	cell = 136 to 143
31	0	97	-14	21	-20	47	-24	cell = 144 to 151
67	9	54	5	10	25	55	-47	cell = 152 to 159
72	28	18	-30	12	-11	45	1	cell = 160 to 167
75	2	66	14	47	-2	-4	-10	cell = 168 to 175
94	-31	-3	17	21	46	65	-10	cell = 176 to 183
36	-13	54	-8	50	22	57	7	cell = 184 to 191
51	-23	28	-18	38	-26	46	30	cell = 192 to 199
69	-27	90	-30	40	-49	57	-17	cell = 200 to 207
16	-23	58	-18	58	13	63	-16	cell = 208 to 215
83	9	65	6	32	-34	34	57	cell = 216 to 223
24	-50	49	-17	21	18	38	39	cell = 224 to 231
51	16	36	0	74	16	57	-25	cell = 232 to 239
40	-6	9	-24	57	-31	6	14	cell = 240 to 247
58	6	67	-52	38	-23	57	-46	cell = 248 to 255
62	35	35	-3	52	-27	39	-73	cell = 256 to 263
37	3	41	21	39	-39	40	-24	cell = 264 to 271
38	-11	49	-14	40	-31	11	-15	cell = 272 to 279
54	-20	50	0	15	-5	44	-68	cell = 280 to 287
14	11	34	23	45	-15	72	-9	cell = 288 to 295
29	-28	13	15	32	47	49	1	cell = 296 to 303
18	-18	34	-15	10	1	27	-43	cell = 304 to 311
63	9	23	4	-23	-13	77	-2	cell = 312 to 319
-3	20	75	-23	9	-24	9	10	cell = 320 to 327
62	5	31	22	24	0	59	-20	cell = 328 to 335
39	35	5	-15	94	9	22	-19	cell = 336 to 343
58	-3	64	36	79	3	22	-11	cell = 344 to 351
69	-31	41	1	30	-30	14	-23	cell = 352 to 359
65	-21	10	-14	22	37	15	7	cell = 360 to 367
-5	-6	42	5	9	18	90	-10	cell = 368 to 375
33	-20	69	-7	45	-8	84	15	cell = 376 to 383
68	-28	0	-37	8	-18	43	-32	cell = 384 to 391
42	0	86	10	21	-16	43	-10	cell = 392 to 399
83	27	73	-5	58	-5	42	2	cell = 400 to 407
73	-21	22	0	37	7	76	44	cell = 408 to 415
17	-2	24	-11	78	-16	24	-43	cell = 416 to 423
37	22	3	-9	49	13	35	-2	cell = 424 to 431
58	-20	59	-25	42	-24	38	17	cell = 432 to 439
-7	-26	70	10	53	20	16	-3	cell = 440 to 447
60	-19	59	-11	19	-3	50	-21	cell = 448 to 455
41	41	48	-3	20	-6	34	-12	cell = 456 to 463
47	25	23	-31	55	-29	28	9	cell = 464 to 471
38	-1	19	18	26	-30	40	-47	cell = 472 to 479
48	-20	66	-14	48	25	39	-21	cell = 480 to 487
41	-2	71	27	40	-37	32	-8	cell = 488 to 495
47	-11	-2	-81	-73	-115	17	-86	cell = 496 to 503
52	-14	14	21	18	-15	64	-11	cell = 504 to 511
-2	-17	-61	-7	14	-31	24	-8	cell = 512 to 519
-6	-42	-39	10	-22	-5	7	1	cell = 520 to 527
10	-52	-2	25	-5	-43	-80	-10	cell = 528 to 535
-24	-20	-47	-5	-31	-32	9	12	cell = 536 to 543
-37	-13	15	-33	-51	42	-26	1	cell = 544 to 551
-24	19	15	-6	-22	-48	-2	-10	cell = 552 to 559
-2	-27	-13	-11	-39	18	-14	-22	cell = 560 to 567
-3	-47	-10	-24	-19	-13	-39	-21	cell = 568 to 575
-31	-21	-34	3	-10	-23	-25	-18	cell = 576 to 583
-24	-29	-20	-7	-23	-30	0	27	cell = 584 to 591
-11	9	-5	-12	-9	-49	-28	-5	cell = 592 to 599
11	-7	-35	-14	-25	-24	-45	26	cell = 600 to 607
-18	-34	-27	5	-6	-17	52	-29	cell = 608 to 615
-16	-6	-51	-40	-17	-17	-41	-35	cell = 616 to 623
18	-24	-33	0	-37	-22	-39	29	cell = 624 to 631
-51	-33	8	-2	20	-62	-43	7	cell = 632 to 639
17	-41	-21	-13	-65	-14	-9	-24	cell = 640 to 647
-3	-44	-22	-18	-3	-5	-21	-13	cell = 648 to 655
-36	37	-9	-22	19	-30	-30	32	cell = 656 to 663
-4	-10	-14	-61	-27	-25	-15	-23	cell = 664 to 671
5	-15	-3	25	-34	-17	10	-27	cell = 672 to 679
-29	0	22	-40	13	-46	-9	-8	cell = 680 to 687
-14	-39	-10	-35	-34	2	-18	-38	cell = 688 to 695
8	-10	-38	-57	-4	-4	23	-31	cell = 696 to 703
-12	-55	-67	5	-10	-12	-6	-22	cell = 704 to 711
-23	-27	-45	-24	-36	-44	-11	15	cell = 712 to 719
20	9	-14	14	-16	-50	-11	-40	cell = 720 to 727
53	-36	-15	-26	-26	-28	18	-27	cell = 728 to 735
-6	-77	-2	-51	-34	-11	18	30	cell = 736 to 743
-7	-21	-33	3	-19	18	-31	-10	cell = 744 to 751
-40	6	-28	-7	-17	39	-39	33	cell = 752 to 759
-15	-64	-12	-24	-2	-19	44	-20	cell = 760 to 767
-30	-23	25	-18	-21	-13	-12	-32	cell = 768 to 775
-3	-4	-2	17	-41	-31	8	-55	cell = 776 to 783
16	2	-50	-12	-38	-30	-21	1	cell = 784 to 791
8	-14	-11	-21	-40	-1	-15	-10	cell = 792 to 799
-13	-23	-16	-18	-32	-49	-34	-21	cell = 800 to 807
8	-16	-21	-12	-7	-17	7	-6	cell = 808 to 815
-8	-32	-45	6	-8	1	-35	-11	cell = 816 to 823
-30	-3	-1	20	-9	-5	-10	-24	cell = 824 to 831
-20	-27	-14	-3	-35	16	-54	-12	cell = 832 to 839
-10	-18	-20	17	-44	-81	-15	-16	cell = 840 to 847
4	-35	-4	-32	-34	-47	-3	-15	cell = 848 to 855
19	-3	-9	-38	13	-31	-54	7	cell = 856 to 863
-25	-49	-7	-11	-41	-32	-4	10	cell = 864 to 871
-36	-11	8	9	-15	-25	-8	-14	cell = 872 to 879
-45	-16	-29	-12	-10	-8	-26	-47	cell = 880 to 887
-4	-32	-46	-25	-22	-11	-25	5	cell = 888 to 895
-29	-42	-4	-4	-30	-25	-33	-36	cell = 896 to 903
-16	12	-21	-26	-26	-11	-20	4	cell = 904 to 911
-34	-13	38	10	-12	-33	-6	7	cell = 912 to 919
-36	-2	-43	-44	-2	19	-28	-36	cell = 920 to 927
-14	-5	-27	-13	-29	-41	31	-4	cell = 928 to 935
-11	-37	-39	-24	-21	-7	-33	-36	cell = 936 to 943
16	-33	11	-66	-38	-65	-69	-17	cell = 944 to 951
-21	-28	-21	-51	-34	-39	-14	-15	cell = 952 to 959
-55	-1	-17	-27	10	-13	-22	6	cell = 960 to 967
-16	-8	-21	-35	6	-8	-31	-27	cell = 968 to 975
33	-6	-19	-4	17	-15	-13	-32	cell = 976 to 983
-45	-14	-1	-10	-18	-57	-11	-65	cell = 984 to 991
6	-40	-38	9	13	-22	-3	-18	cell = 992 to 999
-19	-16	-49	-4	-50	10	-2	-24	cell = 1000 to 1007
38	-16	3	-32	-14	-25	-1	-63	cell = 1008 to 1015
14	-8	6	-42	-15	-10	-14	0	cell = 1016 to 1023
Calibration values from cell 0 to 1024 for channel 2:

32	23	72	9	15	-38	34	-31	cell = 0 to 7
17	-25	63	-50	26	23	39	1	cell = 8 to 15
43	-11	28	-41	17	-14	78	8	cell = 16 to 23
53	20	44	32	38	40	78	5	cell = 24 to 31
17	17	41	6	11	5	60	-38	cell = 32 to 39
61	18	55	-26	75	-8	54	-30	cell = 40 to 47
55	-2	50	-17	14	-7	20	-43	cell = 48 to 55
27	-8	34	-6	39	-48	27	-20	cell = 56 to 63
32	23	41	-46	62	4	39	-37	cell = 64 to 71
71	35	28	11	18	79	33	-8	cell = 72 to 79
82	-3	45	-10	52	-38	68	13	cell = 80 to 87
54	-32	93	23	36	-11	50	-18	cell = 88 to 95
50	10	-10	21	56	-9	16	-33	cell = 96 to 103
49	-16	72	-52	24	23	21	12	cell = 104 to 111
31	-6	63	17	42	0	38	1	cell = 112 to 119
37	-11	48	11	26	2	13	4	cell = 120 to 127
44	-42	51	12	0	-3	20	-8	cell = 128 to 135
43	-25	12	48	62	26	57	-24	cell = 136 to 143
58	-12	24	12	51	14	36	-22	cell = 144 to 151
76	-28	-3	-14	35	20	11	-23	cell = 152 to 159
28	22	37	-27	20	29	14	-23	cell = 160 to 167
28	-3	34	2	27	-2	70	-32	cell = 168 to 175
9	12	45	-9	42	32	35	-75	cell = 176 to 183
30	-31	79	-19	52	17	63	-23	cell = 184 to 191
10	10	26	0	11	12	46	-27	cell = 192 to 199
48	6	38	15	39	-22	41	0	cell = 200 to 207
15	3	30	-52	35	50	6	1	cell = 208 to 215
40	1	89	16	12	2	36	-24	cell = 216 to 223
2	-35	39	-32	50	8	58	-7	cell = 224 to 231
76	-21	80	39	35	-7	74	-19	cell = 232 to 239
49	-41	64	-30	32	-20	45	-30	cell = 240 to 247
64	-7	51	3	100	-13	66	-57	cell = 248 to 255
55	3	18	-34	-3	-15	9	-37	cell = 256 to 263
20	4	25	-41	9	24	72	-23	cell = 264 to 271
23	15	63	-45	44	9	70	-29	cell = 272 to 279
15	14	73	-14	51	6	46	-5	cell = 280 to 287
57	9	53	-28	33	-38	75	42	cell = 288 to 295
73	19	73	-17	31	15	50	15	cell = 296 to 303
4	16	35	34	50	13	53	-21	cell = 304 to 311
-4	2	46	-9	34	2	49	-20	cell = 312 to 319
45	3	28	12	63	-32	87	-28	cell = 320 to 327
41	34	32	-36	42	2	54	18	cell = 328 to 335
66	0	59	-10	55	-2	44	-24	cell = 336 to 343
22	1	58	-20	17	7	33	32	cell = 344 to 351
54	32	81	-21	23	22	22	25	cell = 352 to 359
74	18	72	-8	92	18	82	-1	cell = 360 to 367
26	-17	44	19	34	56	44	-46	cell = 368 to 375
70	16	45	25	-21	16	25	-11	cell = 376 to 383
23	37	20	-4	4	-12	20	-7	cell = 384 to 391
76	-20	18	-26	45	4	77	-45	cell = 392 to 399
26	18	50	-62	45	-31	40	-6	cell = 400 to 407
60	-16	99	-14	37	-7	47	10	cell = 408 to 415
54	-51	69	26	42	18	76	-10	cell = 416 to 423
60	10	43	-8	69	5	55	-12	cell = 424 to 431
68	13	30	-4	31	-15	29	-13	cell = 432 to 439
15	-20	-14	-34	36	24	55	33	cell = 440 to 447
55	0	63	-45	22	27	32	-6	cell = 448 to 455
43	-14	56	-26	50	-39	66	-13	cell = 456 to 463
34	-10	29	-2	22	18	59	-10	cell = 464 to 471
76	2	46	8	37	20	32	-27	cell = 472 to 479
35	-13	18	6	31	-19	22	-33	cell = 480 to 487
19	-19	50	0	41	-40	58	-33	cell = 488 to 495
38	-8	-53	-66	9	-83	-26	-92	cell = 496 to 503
16	-26	31	-6	45	-1	17	9	cell = 504 to 511
4	-14	-40	16	-28	-12	-19	0	cell = 512 to 519
-27	-34	14	-26	-26	-19	-33	10	cell = 520 to 527
-19	-19	-16	-30	33	-43	-16	-18	cell = 528 to 535
0	-3	-36	6	-23	38	-34	-24	cell = 536 to 543
-29	-6	-12	25	-27	-16	-9	-15	cell = 544 to 551
0	-2	-42	-11	11	9	-2	-27	cell = 552 to 559
9	-18	-31	-45	19	-68	5	-2	cell = 560 to 567
-31	-15	-27	-40	-34	-8	-27	3	cell = 568 to 575
8	-22	-12	-49	-63	30	-41	-19	cell = 576 to 583
-20	-46	-28	-10	3	-7	6	-66	cell = 584 to 591
-23	-23	-28	-50	-44	-31	23	23	cell = 592 to 599
-12	27	-13	-29	-40	-50	-10	-23	cell = 600 to 607
-14	-27	-25	-54	-9	-25	-8	-9	cell = 608 to 615
-65	-42	-9	-12	-9	-7	-20	-27	cell = 616 to 623
-12	-33	-39	-13	16	-32	-24	-18	cell = 624 to 631
0	24	-19	28	-37	-28	-3	-51	cell = 632 to 639
-14	-6	-43	-4	11	-15	-31	-10	cell = 640 to 647
19	-17	9	-34	-41	-21	-30	-11	cell = 648 to 655
-18	-24	-5	-21	24	2	-30	-63	cell = 656 to 663
-23	-15	-35	10	14	-18	5	-41	cell = 664 to 671
5	22	16	-34	-12	-20	-46	-27	cell = 672 to 679
-27	-55	-46	-10	-1	11	-6	27	cell = 680 to 687
-39	-69	0	-57	-54	-12	-36	-32	cell = 688 to 695
2	7	23	-38	-27	-8	-27	-37	cell = 696 to 703
3	-51	24	-4	-10	-20	-34	-19	cell = 704 to 711
21	-44	-7	12	11	-19	-25	-13	cell = 712 to 719
-43	-16	2	-23	-35	9	8	8	cell = 720 to 727
-43	-4	-40	18	8	17	-44	-18	cell = 728 to 735
-6	-18	-30	3	-6	-28	-36	-19	cell = 736 to 743
-3	-18	-27	32	-61	-52	-43	-24	cell = 744 to 751
-33	-22	-44	-37	-20	-2	-12	35	cell = 752 to 759
16	-40	-42	-29	-62	-44	-32	-18	cell = 760 to 767
-17	-56	-36	2	-41	-26	-67	-18	cell = 768 to 775
-13	-10	-21	-17	-4	-38	-30	-24	cell = 776 to 783
-15	-31	-59	31	-25	-12	-6	19	cell = 784 to 791
-9	0	-19	-22	-11	-9	-28	-17	cell = 792 to 799
20	-45	15	6	-11	-46	-39	-18	cell = 800 to 807
-46	-16	18	6	6	4	-31	-20	cell = 808 to 815
-27	21	-2	-43	2	-6	-37	-28	cell = 816 to 823
-28	-18	-41	4	25	-36	-50	-26	cell = 824 to 831
-47	-41	-42	10	2	-68	-5	-8	cell = 832 to 839
-13	-51	-33	-13	-39	-41	-59	-17	cell = 840 to 847
-13	-10	-11	-26	-36	-3	11	-15	cell = 848 to 855
-1	-32	-6	-22	-24	-52	-33	-45	cell = 856 to 863
-39	-37	-27	-35	-11	-10	-46	-5	cell = 864 to 871
-15	-64	-22	-44	23	-24	-62	-21	cell = 872 to 879
0	17	-15	-12	0	14	-57	-34	cell = 880 to 887
-22	9	-2	16	-19	-13	-76	-20	cell = 888 to 895
-11	-8	-2	-8	-13	-21	-6	-14	cell = 896 to 903
-31	-21	-16	-28	-26	-39	9	-8	cell = 904 to 911
-13	-34	-18	-24	-17	2	-10	-24	cell = 912 to 919
2	23	0	-11	-37	-61	-9	7	cell = 920 to 927
31	-17	-14	-17	17	-33	-46	-31	cell = 928 to 935
9	-14	-7	-9	17	-16	-43	-36	cell = 936 to 943
-28	-31	-16	-14	-19	-21	-15	-18	cell = 944 to 951
-73	-29	-16	29	-10	4	-15	-15	cell = 952 to 959
-50	-28	7	8	3	-37	-84	-35	cell = 960 to 967
-15	-17	-50	-37	-26	23	3	4	cell = 968 to 975
-24	-40	-6	-24	-15	-16	15	-2	cell = 976 to 983
-15	-2	-48	-34	-24	9	10	-12	cell = 984 to 991
-18	-55	-14	26	10	-7	-47	-37	cell = 992 to 999
-9	-5	-31	-39	-32	-44	-12	-15	cell = 1000 to 1007
13	-35	4	-38	-32	-84	-18	25	cell = 1008 to 1015
-5	-35	-28	5	-24	-48	-41	-31	cell = 1016 to 1023
Calibration values from cell 0 to 1024 for channel 3:

9	-8	91	-22	17	-50	8	-32	cell = 0 to 7
46	-16	24	-8	50	10	62	-52	cell = 8 to 15
75	-46	57	-41	40	-18	22	-27	cell = 16 to 23
22	-30	14	14	-6	3	36	-44	cell = 24 to 31
3	8	56	-21	37	0	48	1	cell = 32 to 39
62	-43	46	29	85	-4	34	5	cell = 40 to 47
28	-23	66	-88	32	31	26	-27	cell = 48 to 55
87	-2	49	26	38	-4	24	12	cell = 56 to 63
62	-17	40	12	23	8	66	-44	cell = 64 to 71
40	8	33	25	48	23	26	-13	cell = 72 to 79
62	3	40	-19	9	-60	89	-12	cell = 80 to 87
23	62	79	9	53	8	30	15	cell = 88 to 95
64	15	42	-15	48	12	32	-19	cell = 96 to 103
86	1	46	-32	32	-5	27	-3	cell = 104 to 111
59	12	49	-27	41	17	22	-47	cell = 112 to 119
43	-22	42	-2	46	4	33	-23	cell = 120 to 127
38	-15	51	47	62	-5	42	-16	cell = 128 to 135
52	0	25	45	52	-10	62	-6	cell = 136 to 143
29	-13	78	13	87	12	53	28	cell = 144 to 151
68	22	39	-8	39	18	60	8	cell = 152 to 159
34	0	15	-11	55	-14	40	2	cell = 160 to 167
48	-2	26	7	63	-12	29	-18	cell = 168 to 175
32	-22	30	2	77	53	39	2	cell = 176 to 183
60	-20	17	-29	64	20	23	-2	cell = 184 to 191
46	9	18	-18	28	-3	43	-28	cell = 192 to 199
40	28	38	-23	69	1	35	4	cell = 200 to 207
71	-60	74	-27	18	24	30	-30	cell = 208 to 215
23	11	95	14	50	-6	59	14	cell = 216 to 223
52	24	52	15	64	-8	39	-39	cell = 224 to 231
80	-14	-4	27	91	42	11	-44	cell = 232 to 239
34	10	31	-21	68	-2	79	21	cell = 240 to 247
60	-9	61	-34	54	-5	35	-3	cell = 248 to 255
85	1	24	3	43	11	49	-34	cell = 256 to 263
43	33	29	-13	46	-14	32	-1	cell = 264 to 271
29	6	92	11	78	-21	52	-5	cell = 272 to 279
-8	-38	81	-17	52	-15	32	-12	cell = 280 to 287
58	-11	38	-45	48	-14	57	-26	cell = 288 to 295
45	-19	65	-49	59	6	70	13	cell = 296 to 303
9	-30	45	-9	78	3	25	12	cell = 304 to 311
58	9	78	-29	53	-34	47	19	cell = 312 to 319
64	-29	45	-39	50	-6	52	9	cell = 320 to 327
33	-5	65	0	21	-12	15	-15	cell = 328 to 335
31	2	6	6	12	16	34	47	cell = 336 to 343
46	-5	24	-21	49	25	49	4	cell = 344 to 351
-8	-6	77	-72	53	-39	44	36	cell = 352 to 359
-16	-33	85	-31	41	-12	55	-5	cell = 360 to 367
60	-11	39	-39	19	-5	22	-18	cell = 368 to 375
24	-76	54	-8	75	12	30	-14	cell = 376 to 383
33	7	62	-6	37	-13	37	-25	cell = 384 to 391
46	-34	29	-9	43	-14	25	1	cell = 392 to 399
69	-6	50	-31	12	43	96	-30	cell = 400 to 407
61	-14	61	-47	69	0	86	-3	cell = 408 to 415
14	7	55	-12	20	-4	46	-28	cell = 416 to 423
39	19	30	-16	61	13	45	11	cell = 424 to 431
26	-10	38	19	-6	10	44	-22	cell = 432 to 439
55	-3	57	4	27	-24	41	17	cell = 440 to 447
35	43	60	-8	38	-7	67	-10	cell = 448 to 455
49	35	23	2	70	-14	55	-45	cell = 456 to 463
55	5	80	13	24	-18	38	-30	cell = 464 to 471
48	31	48	-10	43	-18	35	1	cell = 472 to 479
62	-20	72	-44	28	-7	33	-10	cell = 480 to 487
55	-26	33	-46	47	16	46	23	cell = 488 to 495
48	21	-48	-90	-55	-95	-70	-79	cell = 496 to 503
55	-12	53	-31	9	-56	38	-20	cell = 504 to 511
17	-47	15	0	0	-17	-2	-9	cell = 512 to 519
20	-29	-24	-17	-18	-16	2	-33	cell = 520 to 527
-43	-73	-30	-1	-42	-35	-60	-30	cell = 528 to 535
-41	-46	-40	-53	0	-20	-54	-17	cell = 536 to 543
-30	-39	5	-55	0	-34	-26	-6	cell = 544 to 551
-33	-46	-43	-25	-22	-30	-36	25	cell = 552 to 559
-45	17	10	-29	-37	19	0	-44	cell = 560 to 567
-33	-15	13	-31	-32	-21	-3	-30	cell = 568 to 575
-19	-47	-28	-43	-38	-11	-16	-15	cell = 576 to 583
-18	-8	-43	-4	-30	-29	-19	16	cell = 584 to 591
3	-31	5	-11	-35	-37	-23	0	cell = 592 to 599
-11	-39	-44	22	-23	-2	-25	-11	cell = 600 to 607
-2	-8	-26	-11	26	4	-18	24	cell = 608 to 615
12	1	-24	-20	-18	-3	-41	-41	cell = 616 to 623
-22	-43	-43	5	-25	-33	-44	-30	cell = 624 to 631
-14	-30	-34	-12	2	-27	-58	-30	cell = 632 to 639
-53	-33	-43	-8	4	-19	-45	-6	cell = 640 to 647
-30	-8	35	-28	15	-15	-28	-30	cell = 648 to 655
-8	-24	-29	-28	-37	-45	-37	-12	cell = 656 to 663
12	-35	-2	4	-32	13	0	-10	cell = 664 to 671
19	-36	-18	-6	-12	-26	-7	-26	cell = 672 to 679
-49	-23	-18	-31	-23	-25	0	-36	cell = 680 to 687
-8	-11	-34	21	-9	9	-19	-42	cell = 688 to 695
-44	-13	-19	-39	-8	-15	-55	13	cell = 696 to 703
-81	10	-11	1	-6	6	-35	-10	cell = 704 to 711
-38	-9	-18	-29	-2	-52	-8	-18	cell = 712 to 719
-37	37	5	11	-18	28	-11	11	cell = 720 to 727
-14	-8	0	-30	-8	-7	1	-29	cell = 728 to 735
-39	-15	-27	-36	-7	0	5	0	cell = 736 to 743
5	-18	35	-26	22	29	-1	-16	cell = 744 to 751
16	30	-25	-48	7	12	-11	-9	cell = 752 to 759
-2	-50	-4	8	-51	-35	-15	-43	cell = 760 to 767
-47	-6	-33	-20	2	-20	-18	-29	cell = 768 to 775
-3	-27	0	-13	-2	-31	-40	-16	cell = 776 to 783
-26	-19	-26	-24	-44	8	1	-50	cell = 784 to 791
-28	7	-23	23	-27	-13	-2	-56	cell = 792 to 799
31	-21	-48	-10	27	-12	-1	-4	cell = 800 to 807
-18	1	0	8	-1	-38	-27	0	cell = 808 to 815
-21	-36	-41	-40	-15	-33	-48	-23	cell = 816 to 823
-32	10	-22	-23	1	-32	-31	-11	cell = 824 to 831
-28	-39	-32	-24	-62	-21	-24	-56	cell = 832 to 839
-5	-58	-33	12	-8	-20	-36	-16	cell = 840 to 847
18	-20	4	-5	-27	-12	-11	0	cell = 848 to 855
-52	-46	-29	-12	-6	-2	-18	-37	cell = 856 to 863
-12	-36	-27	-20	14	-25	-81	-47	cell = 864 to 871
-5	-19	-5	-18	21	-21	-24	-30	cell = 872 to 879
-35	-53	-21	-9	-36	14	-34	-30	cell = 880 to 887
-23	-33	-35	-13	-19	-15	-8	-8	cell = 888 to 895
3	-6	-42	-38	-42	-35	-41	-44	cell = 896 to 903
-16	-9	-50	-41	-17	-4	-2	-40	cell = 904 to 911
9	-51	-14	-4	18	22	-25	-27	cell = 912 to 919
-40	-35	1	-14	8	26	-16	8	cell = 920 to 927
-40	-17	-53	-41	-7	-41	-29	10	cell = 928 to 935
-25	-46	-21	0	10	-32	-20	-3	cell = 936 to 943
7	-37	-62	-11	3	-44	36	-10	cell = 944 to 951
-34	10	-14	-17	-14	-11	-25	-2	cell = 952 to 959
-11	-5	-8	-26	-69	4	-35	-29	cell = 960 to 967
2	6	-58	-19	-18	-54	7	13	cell = 968 to 975
-54	-34	-5	-5	-4	-25	-37	-35	cell = 976 to 983
-41	34	-19	0	-16	-25	-35	1	cell = 984 to 991
22	16	-18	-11	-8	-24	-15	-20	cell = 992 to 999
-41	-15	-57	12	-5	-23	-1	-13	cell = 1000 to 1007
8	-13	-39	-51	-49	-45	-36	-21	cell = 1008 to 1015
-7	-20	-30	-12	-11	6	-58	16	cell = 1016 to 1023
Calibration values from cell 0 to 1024 for channel 4:

28	-16	65	-61	78	11	38	1	cell = 0 to 7
70	5	-6	30	60	0	42	21	cell = 8 to 15
62	17	69	15	57	-20	37	-40	cell = 16 to 23
59	2	35	-39	68	-34	41	1	cell = 24 to 31
-7	-1	27	19	30	-21	42	-10	cell = 32 to 39
61	-17	12	-26	68	-25	80	-18	cell = 40 to 47
35	18	45	-32	36	-33	39	0	cell = 48 to 55
30	20	53	10	58	-8	35	-17	cell = 56 to 63
48	12	22	-12	64	-16	15	-16	cell = 64 to 71
29	-34	67	-7	32	-26	43	-18	cell = 72 to 79
20	-8	23	30	27	-47	65	7	cell = 80 to 87
58	-6	33	-72	6	-18	63	13	cell = 88 to 95
54	19	31	18	59	-11	51	-23	cell = 96 to 103
47	10	46	9	46	-5	26	-16	cell = 104 to 111
43	12	44	6	35	29	79	-18	cell = 112 to 119
27	11	26	5	83	3	36	-5	cell = 120 to 127
23	-29	49	13	20	0	34	-57	cell = 128 to 135
56	-3	49	-6	53	-6	58	-31	cell = 136 to 143
17	-19	77	16	47	9	73	-23	cell = 144 to 151
35	-13	83	-8	49	-13	37	-35	cell = 152 to 159
30	-53	64	-14	76	-32	39	-53	cell = 160 to 167
46	8	52	-14	74	-37	36	10	cell = 168 to 175
67	9	51	-15	58	3	38	-15	cell = 176 to 183
25	-29	47	-38	68	-23	46	-6	cell = 184 to 191
8	13	99	15	57	-13	14	14	cell = 192 to 199
48	5	38	-13	42	-6	31	-33	cell = 200 to 207
46	11	75	-18	30	8	64	-36	cell = 208 to 215
69	20	55	-51	35	6	43	-7	cell = 216 to 223
16	-20	26	1	29	-43	9	-43	cell = 224 to 231
23	5	52	1	77	-29	56	-31	cell = 232 to 239
41	-11	37	-38	21	-15	41	-11	cell = 240 to 247
48	-31	58	19	10	-9	74	-5	cell = 248 to 255
24	-37	58	-22	69	-3	17	-25	cell = 256 to 263
55	9	55	-4	23	15	42	-13	cell = 264 to 271
48	-19	40	-57	70	18	90	-67	cell = 272 to 279
32	-18	22	-4	69	-17	17	-23	cell = 280 to 287
53	-16	33	-10	81	-25	52	-6	cell = 288 to 295
59	-35	59	-18	1	4	49	-16	cell = 296 to 303
81	15	19	3	21	-33	-7	-17	cell = 304 to 311
54	3	27	5	77	1	60	-70	cell = 312 to 319
37	-22	40	-46	76	12	45	21	cell = 320 to 327
45	39	28	-20	27	8	44	-32	cell = 328 to 335
55	-17	23	8	46	-7	68	-22	cell = 336 to 343
11	28	23	-7	62	-16	59	-56	cell = 344 to 351
62	-21	-7	-7	65	14	37	-20	cell = 352 to 359
51	-23	52	2	56	-13	66	2	cell = 360 to 367
18	-18	13	-15	42	6	52	8	cell = 368 to 375
41	-50	68	-24	88	5	12	-37	cell = 376 to 383
35	2	29	-6	53	-65	62	-44	cell = 384 to 391
31	-16	63	-4	40	13	49	18	cell = 392 to 399
28	14	64	-30	49	0	88	13	cell = 400 to 407
45	-43	73	-18	74	0	53	-15	cell = 408 to 415
48	-30	32	8	24	-22	45	21	cell = 416 to 423
67	3	51	28	42	26	25	-22	cell = 424 to 431
31	17	40	29	74	14	28	-2	cell = 432 to 439
37	-25	64	14	55	-22	45	-46	cell = 440 to 447
6	-9	66	23	46	3	18	-44	cell = 448 to 455
76	-17	30	-41	13	9	25	19	cell = 456 to 463
28	-31	35	-28	13	-25	55	-17	cell = 464 to 471
43	0	44	-18	47	10	8	10	cell = 472 to 479
17	40	42	14	47	-8	80	-19	cell = 480 to 487
39	5	3	2	5	4	44	-36	cell = 488 to 495
75	0	-52	-78	-46	-20	-14	-85	cell = 496 to 503
48	-3	47	-34	68	9	28	-20	cell = 504 to 511
22	-11	-67	-37	-57	-34	4	-54	cell = 512 to 519
-20	-1	-28	28	-43	-32	-40	-17	cell = 520 to 527
-40	-1	-58	-21	-12	-14	-9	-31	cell = 528 to 535
-28	-22	-13	-15	-17	-14	11	-16	cell = 536 to 543
-4	-4	-44	20	-9	-5	-29	-14	cell = 544 to 551
-8	-14	-53	-2	-32	14	-4	-22	cell = 552 to 559
17	10	-39	-36	-8	-33	-36	-2	cell = 560 to 567
-53	-3	-11	4	-23	-45	-21	-23	cell = 568 to 575
-27	-22	-13	-13	-21	-23	-5	-22	cell = 576 to 583
25	-53	-21	-36	-43	-17	-35	14	cell = 584 to 591
3	-6	-15	-10	13	-38	-1	-43	cell = 592 to 599
-4	-5	-20	10	-14	4	13	-38	cell = 600 to 607
-11	-47	6	45	-34	-29	-32	-29	cell = 608 to 615
1	-24	4	18	13	2	4	-7	cell = 616 to 623
-20	-2	-18	-19	-58	12	-34	3	cell = 624 to 631
0	-26	-15	2	1	8	-67	-14	cell = 632 to 639
-43	-7	-22	-52	-81	-6	-19	-17	cell = 640 to 647
17	-48	-18	-10	0	-40	2	-15	cell = 648 to 655
25	-67	-29	-50	2	-5	-6	-24	cell = 656 to 663
-54	-11	3	-9	-21	-26	-35	-19	cell = 664 to 671
-77	-18	-37	-3	-3	-35	-5	-29	cell = 672 to 679
-87	-38	30	-49	3	-57	-8	-5	cell = 680 to 687
-33	-17	-58	-31	-20	-10	-52	-13	cell = 688 to 695
-25	-25	-19	4	-41	-50	-30	11	cell = 696 to 703
-32	-34	-52	-50	-16	-5	9	-9	cell = 704 to 711
11	-15	-32	-27	-48	-4	-9	-21	cell = 712 to 719
-16	-32	-24	8	4	-42	-78	-5	cell = 720 to 727
28	-9	2	-14	-19	-47	14	-29	cell = 728 to 735
4	-39	-6	-58	-13	-26	-11	-31	cell = 736 to 743
-28	-23	-25	-17	10	-19	-11	18	cell = 744 to 751
0	5	-17	9	-43	-36	-52	8	cell = 752 to 759
-22	1	7	12	1	22	0	-19	cell = 760 to 767
-32	-17	1	-46	-16	2	-25	-17	cell = 768 to 775
-8	6	0	-35	-26	-52	-60	-10	cell = 776 to 783
-21	-44	-7	-57	-47	-11	-24	2	cell = 784 to 791
-7	-27	21	-10	-27	-29	-50	-24	cell = 792 to 799
-20	39	0	-14	20	-18	5	15	cell = 800 to 807
33	-26	-32	11	0	-40	-63	-48	cell = 808 to 815
3	-41	38	-12	-9	-33	14	-14	cell = 816 to 823
-16	14	-29	-2	-25	-16	-43	9	cell = 824 to 831
-17	-53	25	6	-34	-33	2	-30	cell = 832 to 839
-17	25	6	-5	16	-21	-18	-33	cell = 840 to 847
-2	0	10	-26	-52	-5	-16	-33	cell = 848 to 855
-24	-36	-37	11	1	-27	-13	19	cell = 856 to 863
-45	-75	-22	-40	-18	9	-17	-37	cell = 864 to 871
-65	-3	-26	0	-4	-1	3	-16	cell = 872 to 879
-16	5	-2	-35	-8	-14	-42	-57	cell = 880 to 887
-4	-25	-9	-17	-37	-20	-2	-28	cell = 888 to 895
-36	20	-50	11	-29	-4	0	0	cell = 896 to 903
-17	-41	7	-15	-40	8	-10	-40	cell = 904 to 911
-27	-29	-14	-10	12	7	-10	17	cell = 912 to 919
-6	0	-8	-26	-50	33	2	17	cell = 920 to 927
-30	-16	-68	-46	-23	-16	-16	1	cell = 928 to 935
-28	-25	14	-23	41	-33	-34	-15	cell = 936 to 943
-37	-17	-51	-28	34	-29	6	-19	cell = 944 to 951
-30	-6	-35	-2	-13	-23	-48	-24	cell = 952 to 959
10	-17	-19	-24	18	0	-44	-29	cell = 960 to 967
-11	-25	23	-2	7	6	-31	-31	cell = 968 to 975
-39	-20	6	-34	-20	-6	-24	-36	cell = 976 to 983
-21	-4	13	-1	-10	-24	11	-13	cell = 984 to 991
-44	-10	-19	-13	-2	-24	-5	-2	cell = 992 to 999
-4	-17	-4	-5	22	-18	-6	-32	cell = 1000 to 1007
-22	-36	-55	-2	-25	-19	-27	-37	cell = 1008 to 1015
35	-21	-23	-45	-13	-34	-46	22	cell = 1016 to 1023
Calibration values from cell 0 to 1024 for channel 5:

17	0	12	-12	45	-42	57	1	cell = 0 to 7
28	19	33	-24	19	4	81	16	cell = 8 to 15
42	-5	-1	-64	31	-13	26	-41	cell = 16 to 23
9	2	55	23	25	-2	48	8	cell = 24 to 31
28	51	34	33	29	-29	78	-23	cell = 32 to 39
33	-1	46	-8	64	13	56	-49	cell = 40 to 47
31	13	68	-37	42	-14	10	21	cell = 48 to 55
49	19	54	-36	47	8	56	-33	cell = 56 to 63
34	-9	32	-16	36	4	58	-15	cell = 64 to 71
30	-25	53	-19	35	22	54	-26	cell = 72 to 79
62	5	31	-4	1	15	27	-49	cell = 80 to 87
41	-5	37	-15	60	17	18	-16	cell = 88 to 95
27	29	36	-23	67	8	29	-24	cell = 96 to 103
53	-31	49	-4	11	10	11	-26	cell = 104 to 111
27	-30	50	-28	56	11	51	-12	cell = 112 to 119
38	-17	38	-14	37	-7	60	-24	cell = 120 to 127
28	0	30	32	29	-37	53	-11	cell = 128 to 135
32	-46	67	-11	51	-7	75	20	cell = 136 to 143
43	-45	47	-16	51	-3	43	21	cell = 144 to 151
41	-31	34	-37	42	-37	94	-13	cell = 152 to 159
32	-15	72	-6	26	3	90	-17	cell = 160 to 167
53	24	76	-33	85	-22	-3	-24	cell = 168 to 175
28	-3	48	8	91	12	81	-19	cell = 176 to 183
78	-19	26	13	41	15	26	5	cell = 184 to 191
41	-52	37	-44	17	-22	100	-28	cell = 192 to 199
36	1	68	5	33	-8	70	7	cell = 200 to 207
36	-28	71	-25	-9	-52	29	-49	cell = 208 to 215
54	5	60	15	40	-19	51	-47	cell = 216 to 223
71	-28	41	-20	28	-10	57	-23	cell = 224 to 231
32	-3	10	-29	58	9	66	28	cell = 232 to 239
55	-40	77	-34	71	-20	11	5	cell = 240 to 247
44	0	12	-17	69	-46	76	-72	cell = 248 to 255
55	20	45	-21	21	-19	54	-10	cell = 256 to 263
42	-4	14	-3	34	20	36	-45	cell = 264 to 271
67	14	71	-10	62	-22	31	-26	cell = 272 to 279
61	-69	29	-16	10	9	29	-13	cell = 280 to 287
35	17	36	-24	56	7	30	8	cell = 288 to 295
30	8	73	-37	12	-19	91	3	cell = 296 to 303
30	-4	25	-6	27	-31	48	-25	cell = 304 to 311
75	-30	82	12	35	-42	63	-48	cell = 312 to 319
52	-12	49	-20	21	36	29	-17	cell = 320 to 327
43	7	69	-17	74	19	96	0	cell = 328 to 335
70	-27	55	4	30	9	19	12	cell = 336 to 343
51	-57	30	6	40	-11	89	-19	cell = 344 to 351
32	7	74	27	38	-28	82	-32	cell = 352 to 359
35	-13	26	-39	26	-52	9	3	cell = 360 to 367
58	-50	60	5	12	-3	32	-60	cell = 368 to 375
47	20	50	-3	27	-22	22	0	cell = 376 to 383
51	-1	88	-6	33	-9	73	18	cell = 384 to 391
4	38	62	-7	65	-22	2	-17	cell = 392 to 399
55	3	38	-10	45	2	36	-10	cell = 400 to 407
65	17	55	2	79	30	-7	12	cell = 408 to 415
31	-7	98	10	48	15	63	-42	cell = 416 to 423
33	12	72	12	61	-5	60	43	cell = 424 to 431
71	-11	55	3	25	-18	75	-8	cell = 432 to 439
19	15	38	-18	57	-39	29	-39	cell = 440 to 447
60	8	18	2	62	-12	51	-37	cell = 448 to 455
25	8	29	-32	40	-63	19	-43	cell = 456 to 463
8	-17	71	-8	6	26	28	-33	cell = 464 to 471
34	10	36	-21	26	7	38	-31	cell = 472 to 479
25	10	60	-9	44	35	87	-15	cell = 480 to 487
23	15	51	-9	64	40	35	-10	cell = 488 to 495
24	-7	-34	-121	-20	-81	-18	-81	cell = 496 to 503
42	-27	34	-8	62	-12	0	-47	cell = 504 to 511
12	0	-18	-43	-32	-20	1	3	cell = 512 to 519
-31	-37	-25	-22	-41	13	-57	-10	cell = 520 to 527
-45	16	17	-43	-21	-24	-12	-25	cell = 528 to 535
15	11	-18	2	-22	-14	-33	-13	cell = 536 to 543
-32	-44	14	-35	-36	-2	12	9	cell = 544 to 551
-42	-4	-5	44	-44	-25	-19	8	cell = 552 to 559
-14	-37	-47	-12	-31	-12	-25	-30	cell = 560 to 567
-17	3	4	8	-14	49	-10	7	cell = 568 to 575
15	-40	-40	-12	-11	1	-14	-50	cell = 576 to 583
16	10	11	14	-28	-26	-48	4	cell = 584 to 591
-43	16	-4	-1	14	-9	-36	-23	cell = 592 to 599
19	-4	19	17	-49	-31	-21	-13	cell = 600 to 607
-16	-12	-43	-17	13	-41	-19	-29	cell = 608 to 615
-7	-42	-45	-22	-35	-49	25	-7	cell = 616 to 623
-3	-12	16	-24	-25	16	-48	-24	cell = 624 to 631
8	-12	7	-12	5	-56	-8	33	cell = 632 to 639
12	-27	-22	7	35	-52	-10	25	cell = 640 to 647
-6	-56	-40	10	-38	-11	-10	-32	cell = 648 to 655
-31	4	-16	-3	-3	-40	18	-32	cell = 656 to 663
-23	-15	17	-25	14	-31	0	-39	cell = 664 to 671
-13	-64	0	-40	-7	-8	-55	5	cell = 672 to 679
22	-20	-15	-9	-1	-48	0	30	cell = 680 to 687
-9	24	19	-57	-13	-14	-37	-44	cell = 688 to 695
21	-12	-32	-25	-16	-20	-19	13	cell = 696 to 703
-16	-22	-43	-27	-54	-34	-36	1	cell = 704 to 711
11	-39	-11	-25	-10	-46	-25	0	cell = 712 to 719
10	-48	1	17	-47	10	-46	-31	cell = 720 to 727
-2	-21	-12	-10	-29	-35	-27	0	cell = 728 to 735
15	-42	-16	-22	-29	2	-36	-4	cell = 736 to 743
-41	-24	-23	6	-41	-27	-34	-6	cell = 744 to 751
-19	-16	-15	9	41	-18	15	3	cell = 752 to 759
2	-23	-31	-49	-7	-7	-47	2	cell = 760 to 767
20	-43	-7	-64	12	-20	-11	-7	cell = 768 to 775
-35	-42	0	-6	-36	-11	21	-37	cell = 776 to 783
-27	-20	-30	6	-10	-39	-30	21	cell = 784 to 791
-13	23	-9	-5	-46	-29	-11	4	cell = 792 to 799
-3	-23	11	0	-45	-12	-55	-17	cell = 800 to 807
-33	18	-20	-30	2	-39	11	13	cell = 808 to 815
-17	-17	20	18	-2	-11	13	-11	cell = 816 to 823
-32	-65	-41	-57	-45	-7	-19	-31	cell = 824 to 831
-14	-21	-16	-25	-32	-63	-14	-25	cell = 832 to 839
-1	7	-57	-11	-18	-23	-1	35	cell = 840 to 847
-42	-9	17	13	3	-30	-7	12	cell = 848 to 855
16	-45	-35	11	-24	27	9	-31	cell = 856 to 863
-38	-45	-21	-11	14	-29	-62	-36	cell = 864 to 871
-34	-23	10	-22	-55	-50	27	-23	cell = 872 to 879
-13	20	-18	-19	-22	-7	-39	-34	cell = 880 to 887
-44	-14	-49	-1	37	-7	-17	-10	cell = 888 to 895
14	-35	0	-3	-11	-72	-17	-19	cell = 896 to 903
-21	-62	-37	1	-16	-63	-8	13	cell = 904 to 911
-19	4	-2	-36	-47	-6	-44	1	cell = 912 to 919
-27	6	3	-16	-16	8	6	-43	cell = 920 to 927
-24	-1	-29	-3	-10	-38	-14	-30	cell = 928 to 935
-38	-33	-37	-9	1	15	-15	-5	cell = 936 to 943
8	-7	-13	7	-3	-58	14	-16	cell = 944 to 951
-9	-12	-28	-3	-21	8	-35	-3	cell = 952 to 959
-2	-44	-39	-8	-28	-13	-19	-53	cell = 960 to 967
-25	2	-26	-15	3	-41	-27	-42	cell = 968 to 975
-17	-39	-32	12	-55	-23	-10	-14	cell = 976 to 983
-4	10	13	-44	-32	-59	13	3	cell = 984 to 991
-27	-22	-10	-31	-11	-41	-24	23	cell = 992 to 999
11	-17	-40	-16	-36	5	-61	-31	cell = 1000 to 1007
-46	-11	-51	-47	-25	-46	-37	-34	cell = 1008 to 1015
-46	-28	-24	-63	-49	-12	-24	16	cell = 1016 to 1023
Calibration values from cell 0 to 1024 for channel 6:

44	20	-13	-18	38	-43	20	-24	cell = 0 to 7
79	-21	34	-45	32	-11	36	-68	cell = 8 to 15
38	-3	19	-4	30	12	47	7	cell = 16 to 23
71	-13	15	-28	20	-20	61	22	cell = 24 to 31
29	-8	64	-23	22	7	27	-6	cell = 32 to 39
49	-4	30	3	64	7	92	-2	cell = 40 to 47
33	5	36	15	36	9	51	-11	cell = 48 to 55
48	-4	50	-15	8	-5	59	-24	cell = 56 to 63
38	17	35	-14	29	-18	52	14	cell = 64 to 71
53	16	39	23	25	-6	25	-45	cell = 72 to 79
57	-50	-13	-15	51	-4	38	45	cell = 80 to 87
37	-29	54	-6	29	21	26	-28	cell = 88 to 95
8	19	32	17	17	-25	22	7	cell = 96 to 103
42	29	45	-14	27	-3	46	-40	cell = 104 to 111
43	9	78	7	33	-16	35	-29	cell = 112 to 119
14	42	44	45	23	-1	32	28	cell = 120 to 127
39	-16	32	-31	42	-41	53	-26	cell = 128 to 135
28	17	43	-9	32	19	60	-34	cell = 136 to 143
48	8	24	-43	49	15	35	-21	cell = 144 to 151
35	2	63	-36	56	0	31	-38	cell = 152 to 159
45	46	67	8	47	-13	29	-2	cell = 160 to 167
47	-7	60	12	51	-32	72	-9	cell = 168 to 175
50	-13	55	-49	54	7	82	-23	cell = 176 to 183
60	2	22	-13	52	-11	57	-16	cell = 184 to 191
46	-16	60	-8	37	17	27	-35	cell = 192 to 199
40	-15	37	-56	55	15	82	-28	cell = 200 to 207
65	16	96	-58	58	18	41	-24	cell = 208 to 215
45	19	59	14	42	14	80	9	cell = 216 to 223
44	6	28	0	70	25	50	12	cell = 224 to 231
51	26	19	22	14	-21	53	4	cell = 232 to 239
56	-19	65	7	112	19	31	-6	cell = 240 to 247
46	-10	49	3	16	-10	77	-12	cell = 248 to 255
24	6	45	0	41	3	-13	-34	cell = 256 to 263
25	-29	23	13	37	27	36	2	cell = 264 to 271
47	-7	55	14	31	-18	78	-14	cell = 272 to 279
20	-30	46	-11	18	-23	10	23	cell = 280 to 287
50	16	34	16	33	-21	0	20	cell = 288 to 295
27	-34	56	-19	32	-32	14	-20	cell = 296 to 303
3	-11	58	-23	29	-37	52	1	cell = 304 to 311
48	-15	50	-11	50	-24	42	-44	cell = 312 to 319
24	0	32	38	67	24	42	9	cell = 320 to 327
49	18	46	13	-8	-10	43	33	cell = 328 to 335
36	0	53	5	5	8	91	11	cell = 336 to 343
10	-5	71	-50	59	-27	13	12	cell = 344 to 351
26	1	39	-16	82	-22	66	-35	cell = 352 to 359
23	-20	29	15	50	7	33	-16	cell = 360 to 367
39	-40	22	-26	37	-10	68	-19	cell = 368 to 375
38	36	57	21	41	13	27	24	cell = 376 to 383
36	-3	18	6	36	-18	56	-19	cell = 384 to 391
45	-9	72	-16	55	36	-10	9	cell = 392 to 399
40	5	19	-43	52	0	19	6	cell = 400 to 407
14	-29	15	-19	34	-55	71	12	cell = 408 to 415
4	0	10	-16	1	-11	45	10	cell = 416 to 423
51	-42	17	8	79	18	14	-48	cell = 424 to 431
25	-15	59	-27	36	2	15	-11	cell = 432 to 439
14	-18	37	-16	27	5	47	18	cell = 440 to 447
-9	-2	25	-16	72	4	37	-10	cell = 448 to 455
21	23	45	-53	28	1	55	-17	cell = 456 to 463
47	-19	54	13	46	9	46	28	cell = 464 to 471
54	-8	66	-50	73	-53	71	-49	cell = 472 to 479
66	-5	60	11	14	-18	29	-27	cell = 480 to 487
48	3	40	0	56	38	46	6	cell = 488 to 495
64	-6	3	-74	-35	-73	-23	-66	cell = 496 to 503
42	26	18	-23	25	13	76	-13	cell = 504 to 511
-20	-23	3	7	-27	27	-22	-38	cell = 512 to 519
21	-12	-19	-37	11	-10	-40	4	cell = 520 to 527
-27	-7	-17	-7	8	4	21	3	cell = 528 to 535
-57	-65	-16	-22	-6	-13	-39	-16	cell = 536 to 543
-26	-7	-15	-15	-25	-32	0	12	cell = 544 to 551
29	0	-12	-10	-20	18	-2	-25	cell = 552 to 559
-6	-3	19	-39	-35	8	0	0	cell = 560 to 567
-13	-7	-12	-22	10	-35	-35	-32	cell = 568 to 575
-42	5	2	20	-14	-32	-29	-11	cell = 576 to 583
-7	-15	-23	-39	-19	-9	-20	-35	cell = 584 to 591
-35	-1	-9	9	10	-33	5	-22	cell = 592 to 599
-25	-1	-23	-9	-21	-50	-42	-9	cell = 600 to 607
11	-11	-5	-22	-33	-33	-22	-26	cell = 608 to 615
-21	-14	-49	-52	-10	-11	-28	-22	cell = 616 to 623
-38	-41	-38	-34	-16	-12	-11	-27	cell = 624 to 631
-32	-14	-21	-17	9	-10	-9	5	cell = 632 to 639
-28	-38	-19	-35	-45	-35	3	-25	cell = 640 to 647
-5	17	-41	3	10	-17	9	-16	cell = 648 to 655
9	-4	-4	1	-10	-35	8	-14	cell = 656 to 663
-31	-19	-24	20	-8	-8	-32	-26	cell = 664 to 671
-35	-47	0	-6	-26	-19	-37	7	cell = 672 to 679
-20	-50	-56	18	21	-4	-11	-63	cell = 680 to 687
-5	-13	-5	7	-35	-32	-42	-31	cell = 688 to 695
-14	-7	-20	-35	-9	-70	3	-47	cell = 696 to 703
10	-38	-23	3	-2	-26	4	-25	cell = 704 to 711
3	0	-24	-39	-16	30	-37	-11	cell = 712 to 719
37	-29	-23	9	-37	-14	-13	-53	cell = 720 to 727
-51	-12	12	-22	-4	-62	9	-36	cell = 728 to 735
21	-54	-43	-17	2	11	-19	-11	cell = 736 to 743
15	-21	-60	-6	-7	5	-49	-10	cell = 744 to 751
-8	-21	-17	-31	-22	12	-9	-9	cell = 752 to 759
-15	-8	-32	-42	2	-13	-38	-47	cell = 760 to 767
-2	-44	-36	-4	10	-19	-48	0	cell = 768 to 775
-34	-6	-12	-28	19	-4	-12	12	cell = 776 to 783
-57	8	-34	-16	-18	-36	-2	-39	cell = 784 to 791
-33	-36	-36	-34	-46	-40	-3	-8	cell = 792 to 799
-37	-31	3	-11	-32	-39	-22	2	cell = 800 to 807
-27	3	-41	-16	-8	-17	-3	13	cell = 808 to 815
-23	-14	-52	-6	17	-5	-61	-5	cell = 816 to 823
-35	-24	-34	-19	25	-10	-10	-30	cell = 824 to 831
32	-41	6	-14	-8	-21	-41	-5	cell = 832 to 839
-22	-22	-59	-19	-2	-26	2	-13	cell = 840 to 847
-9	-28	-8	14	-29	-29	0	14	cell = 848 to 855
-42	-30	-70	-12	-9	-29	-43	-2	cell = 856 to 863
-44	-42	-22	-38	-17	-28	37	-32	cell = 864 to 871
7	10	-3	24	4	-24	-28	-45	cell = 872 to 879
19	-45	-23	-42	19	1	-2	4	cell = 880 to 887
-9	-32	22	-14	-37	-29	-39	-7	cell = 888 to 895
-22	-23	7	-33	-54	-10	1	-62	cell = 896 to 903
15	-51	-18	-42	0	-16	-60	15	cell = 904 to 911
-10	-6	-34	-13	-24	-45	-13	41	cell = 912 to 919
25	-13	-28	-23	-7	-37	-36	-20	cell = 920 to 927
-18	-8	-10	-21	-21	-24	-5	-21	cell = 928 to 935
-41	1	-15	-22	-23	13	-26	-15	cell = 936 to 943
-33	-3	-43	-8	1	9	-15	17	cell = 944 to 951
30	7	-21	-23	-12	-3	-37	-2	cell = 952 to 959
-34	-12	-23	-6	-11	-6	-36	17	cell = 960 to 967
-4	6	-14	-33	-7	-44	-31	-33	cell = 968 to 975
-24	-20	-26	-26	-5	-8	-19	-33	cell = 976 to 983
-6	-39	-26	-32	-22	-48	-28	14	cell = 984 to 991
-21	0	-33	-52	-10	7	-24	-34	cell = 992 to 999
-18	-25	-44	-53	-7	-21	-27	10	cell = 1000 to 1007
-49	5	-6	-21	-41	-36	-43	-6	cell = 1008 to 1015
20	10	-20	-4	0	-21	-41	-31	cell = 1016 to 1023
Calibration values from cell 0 to 1024 for channel 7:

37	-28	55	-38	26	-46	53	-6	cell = 0 to 7
15	-44	42	-7	20	-31	53	14	cell = 8 to 15
24	-34	29	-32	21	-14	63	-26	cell = 16 to 23
82	3	50	-34	23	-27	19	-27	cell = 24 to 31
70	-15	7	-25	79	15	66	-19	cell = 32 to 39
32	-24	48	-41	22	4	58	22	cell = 40 to 47
26	-42	54	-20	85	-15	49	-9	cell = 48 to 55
15	-50	71	11	3	20	61	-12	cell = 56 to 63
23	51	17	-20	-12	-8	4	-5	cell = 64 to 71
21	-27	55	-25	0	22	55	3	cell = 72 to 79
63	-28	36	-60	23	5	60	-15	cell = 80 to 87
47	1	87	-1	63	-37	31	-35	cell = 88 to 95
20	-23	52	-3	18	-41	20	-4	cell = 96 to 103
29	-17	44	-50	10	20	78	-20	cell = 104 to 111
-5	31	53	46	36	1	24	-22	cell = 112 to 119
54	-27	32	-11	42	-23	54	-9	cell = 120 to 127
26	-44	21	-6	22	-52	62	-25	cell = 128 to 135
80	6	62	-9	22	-22	57	7	cell = 136 to 143
45	-49	57	17	78	-38	55	18	cell = 144 to 151
61	-12	20	-49	76	-21	12	-7	cell = 152 to 159
44	-21	32	-7	40	-37	58	-2	cell = 160 to 167
45	-3	58	-15	59	-30	16	-4	cell = 168 to 175
45	-9	63	-9	53	-5	27	25	cell = 176 to 183
35	0	40	-10	34	12	39	-55	cell = 184 to 191
24	5	80	-32	75	-4	56	23	cell = 192 to 199
68	8	10	-32	21	-8	51	-23	cell = 200 to 207
57	-21	63	0	48	15	43	-4	cell = 208 to 215
55	-5	55	-18	51	32	63	17	cell = 216 to 223
19	-6	40	-4	62	25	36	-42	cell = 224 to 231
52	-13	22	12	40	21	23	4	cell = 232 to 239
21	-28	20	-13	30	4	27	5	cell = 240 to 247
36	17	63	-27	45	-31	48	-12	cell = 248 to 255
67	-46	48	-13	6	-22	46	-21	cell = 256 to 263
35	-10	55	9	-6	9	38	-14	cell = 264 to 271
40	-13	64	0	49	20	53	-5	cell = 272 to 279
60	20	75	-2	39	-5	51	-11	cell = 280 to 287
63	3	58	21	38	-27	92	4	cell = 288 to 295
55	-16	65	9	56	-17	95	-9	cell = 296 to 303
32	9	53	-25	52	-36	40	-38	cell = 304 to 311
86	10	50	2	62	-7	23	-3	cell = 312 to 319
72	6	19	-57	49	-10	56	-2	cell = 320 to 327
-13	-36	60	-51	37	-25	5	-26	cell = 328 to 335
66	-7	27	-34	63	-22	58	-34	cell = 336 to 343
-7	-28	66	-40	36	-9	52	0	cell = 344 to 351
22	-18	77	1	58	6	59	-3	cell = 352 to 359
45	-3	28	-22	11	-3	44	-17	cell = 360 to 367
55	5	20	6	57	-12	46	-27	cell = 368 to 375
49	-6	65	-2	71	-30	38	22	cell = 376 to 383
48	-22	2	-19	-9	-58	37	-28	cell = 384 to 391
38	17	87	-43	48	-23	26	45	cell = 392 to 399
31	-14	31	1	38	1	35	2	cell = 400 to 407
35	24	47	17	76	-16	42	-38	cell = 408 to 415
52	-20	80	-34	47	17	60	10	cell = 416 to 423
65	47	29	-42	56	-29	32	-37	cell = 424 to 431
33	32	44	-19	53	-19	45	-45	cell = 432 to 439
15	-18	88	6	27	-13	47	1	cell = 440 to 447
40	-22	40	-27	31	-22	61	-28	cell = 448 to 455
65	-29	34	-21	37	-47	73	20	cell = 456 to 463
20	46	72	-42	72	-8	3	15	cell = 464 to 471
37	52	49	-69	52	-26	32	-35	cell = 472 to 479
56	19	49	-33	73	18	59	7	cell = 480 to 487
61	-9	94	-51	56	-26	38	-34	cell = 488 to 495
24	31	-47	-94	-28	-84	8	-64	cell = 496 to 503
88	8	6	-45	54	-31	75	-9	cell = 504 to 511
-22	-18	-56	15	-42	-17	-9	-31	cell = 512 to 519
-22	-33	-27	-13	-41	-19	-28	0	cell = 520 to 527
0	15	-32	-25	-17	-20	-37	17	cell = 528 to 535
-2	-7	18	-63	-63	-10	-6	-40	cell = 536 to 543
-6	-65	-15	-21	-25	-16	9	-33	cell = 544 to 551
13	-9	-5	-70	-13	-52	-10	11	cell = 552 to 559
24	-21	-51	-45	-17	-41	-24	18	cell = 560 to 567
1	3	-9	-56	-6	-1	-39	-42	cell = 568 to 575
14	9	-33	-28	2	-38	-37	-12	cell = 576 to 583
-11	-61	-6	4	-14	-5	41	-9	cell = 584 to 591
-9	-39	-8	0	-45	-24	-7	-20	cell = 592 to 599
-18	-11	16	40	-22	-29	-5	-1	cell = 600 to 607
-43	-3	5	12	12	-14	-46	-30	cell = 608 to 615
3	-24	-47	7	14	-8	-27	-20	cell = 616 to 623
4	-31	-49	35	-29	11	-4	-15	cell = 624 to 631
7	-25	-6	-53	-14	-46	-17	-2	cell = 632 to 639
-35	7	-40	-39	-4	-59	-45	10	cell = 640 to 647
23	-3	-21	-8	-33	0	-11	-20	cell = 648 to 655
26	-44	-47	21	-33	-29	-3	-21	cell = 656 to 663
-45	-4	-32	-29	-34	10	-48	-10	cell = 664 to 671
-24	-24	-14	-36	-37	-8	-9	4	cell = 672 to 679
-8	-10	-51	6	14	-11	-17	8	cell = 680 to 687
22	-11	-51	-47	-7	-12	-24	-38	cell = 688 to 695
-12	-5	-39	-9	2	-17	0	8	cell = 696 to 703
-51	-53	-29	-9	26	-55	7	-21	cell = 704 to 711
30	-19	-42	7	18	-33	16	-15	cell = 712 to 719
-32	-10	-4	-45	-19	-40	0	-16	cell = 720 to 727
-7	-42	18	25	24	14	-15	-10	cell = 728 to 735
-47	-27	-20	-15	-37	-24	-39	-50	cell = 736 to 743
-2	-15	14	-42	-27	-24	-43	18	cell = 744 to 751
-15	-59	-57	13	-25	-3	-29	-6	cell = 752 to 759
-39	-40	38	-16	13	21	10	-19	cell = 760 to 767
-55	-43	-7	0	-43	-22	-21	23	cell = 768 to 775
-44	-33	31	-29	-32	-21	-27	-17	cell = 776 to 783
-7	-23	-47	0	-6	0	-18	-37	cell = 784 to 791
-36	-28	1	-30	-3	-44	-13	-30	cell = 792 to 799
5	-66	-9	-37	-10	-9	-11	-32	cell = 800 to 807
-9	-3	15	-7	-10	-46	42	7	cell = 808 to 815
-8	-3	-39	-2	4	9	-28	-23	cell = 816 to 823
-20	9	0	-21	-22	-2	-20	-48	cell = 824 to 831
-19	-38	-7	-8	11	-23	-3	-19	cell = 832 to 839
-16	-42	-3	3	-60	-77	14	-23	cell = 840 to 847
-11	-44	-22	8	-5	16	-28	-35	cell = 848 to 855
3	-37	-27	3	4	-3	-45	-29	cell = 856 to 863
-9	-55	-3	21	-66	6	-29	-11	cell = 864 to 871
-16	-42	24	25	-10	10	-29	6	cell = 872 to 879
-33	-54	-29	-22	-4	-23	-21	-5	cell = 880 to 887
-11	-55	-11	-8	-29	-26	-20	12	cell = 888 to 895
-44	-16	-9	-42	6	24	-20	-22	cell = 896 to 903
-31	-24	11	-20	-10	-10	-33	-29	cell = 904 to 911
10	-7	-4	3	-21	-24	-10	13	cell = 912 to 919
-19	-32	-29	-5	-39	-23	-8	-36	cell = 920 to 927
7	29	8	0	-6	33	11	-11	cell = 928 to 935
-36	-14	-49	-49	-43	-51	10	-38	cell = 936 to 943
-61	-16	9	-21	-39	13	-2	34	cell = 944 to 951
-13	-15	9	-11	11	-30	-22	5	cell = 952 to 959
3	15	2	-15	-31	-18	-17	-19	cell = 960 to 967
-19	-29	-48	-36	-33	-41	-56	-53	cell = 968 to 975
-14	-27	13	-23	13	-11	9	-3	cell = 976 to 983
8	-46	-13	-28	-18	-52	23	25	cell = 984 to 991
-18	26	-39	1	-11	-5	16	-26	cell = 992 to 999
-22	-7	13	-21	4	-61	-22	-1	cell = 1000 to 1007
-8	-62	-54	-50	-3	-35	-12	-18	cell = 1008 to 1015
-7	-6	-50	-18	32	-40	-24	7	cell = 1016 to 1023
Calibration values from cell 0 to 1024 for channel 8:

30	19	76	23	42	-41	40	-9	cell = 0 to 7
20	-29	72	-25	24	-7	11	33	cell = 8 to 15
53	11	78	-11	25	-2	11	-25	cell = 16 to 23
39	19	2	-32	29	-34	43	1	cell = 24 to 31
60	-4	44	-27	47	-33	25	4	cell = 32 to 39
48	25	29	-44	40	-17	51	-31	cell = 40 to 47
53	8	66	3	61	-23	44	-16	cell = 48 to 55
15	9	14	9	35	-35	36	-8	cell = 56 to 63
76	-6	65	3	-6	17	101	-55	cell = 64 to 71
31	-8	18	-43	69	-32	75	-42	cell = 72 to 79
1	19	46	-4	62	-12	33	-11	cell = 80 to 87
48	11	75	-1	17	-34	70	2	cell = 88 to 95
12	-52	35	11	32	1	15	-35	cell = 96 to 103
28	-2	49	4	87	21	82	-27	cell = 104 to 111
34	50	-16	-13	51	18	55	-50	cell = 112 to 119
23	-4	71	10	62	-2	70	-15	cell = 120 to 127
64	-10	36	-11	56	5	63	-48	cell = 128 to 135
45	-9	33	-10	85	-31	42	-30	cell = 136 to 143
51	18	46	15	33	23	63	-3	cell = 144 to 151
41	21	83	3	84	24	48	-28	cell = 152 to 159
40	5	43	-35	45	40	36	-16	cell = 160 to 167
29	9	20	56	34	-42	26	5	cell = 168 to 175
78	-29	67	-7	48	1	19	-13	cell = 176 to 183
13	-17	71	15	55	-17	73	-36	cell = 184 to 191
46	-21	13	1	54	-13	54	-9	cell = 192 to 199
25	-4	15	29	55	-15	52	-27	cell = 200 to 207
32	-4	53	0	72	17	23	-13	cell = 208 to 215
49	0	65	11	25	-45	71	-13	cell = 216 to 223
58	20	79	-13	9	-6	36	-5	cell = 224 to 231
11	-36	29	-36	77	-12	47	-15	cell = 232 to 239
37	-12	49	-41	60	-32	21	-16	cell = 240 to 247
12	4	10	17	7	-28	86	25	cell = 248 to 255
35	3	50	-21	23	42	29	18	cell = 256 to 263
34	-53	35	28	6	-3	37	60	cell = 264 to 271
50	0	28	-16	32	50	46	-9	cell = 272 to 279
41	15	32	-21	62	-28	31	-6	cell = 280 to 287
56	-22	58	14	44	54	75	41	cell = 288 to 295
65	-5	45	-35	62	12	13	3	cell = 296 to 303
33	-15	47	53	44	14	63	-55	cell = 304 to 311
36	27	73	4	50	-17	39	4	cell = 312 to 319
52	-10	33	17	39	-18	64	-56	cell = 320 to 327
52	7	78	-23	53	25	-8	17	cell = 328 to 335
36	-7	36	24	64	31	66	-43	cell = 336 to 343
95	-3	62	6	-13	-19	15	14	cell = 344 to 351
40	17	0	-64	22	6	50	-23	cell = 352 to 359
57	0	47	8	68	-19	59	20	cell = 360 to 367
50	21	9	14	77	-17	19	-9	cell = 368 to 375
23	30	50	-17	3	5	17	-18	cell = 376 to 383
35	24	74	-14	61	9	53	-18	cell = 384 to 391
86	24	18	-32	1	21	93	-10	cell = 392 to 399
31	-3	65	0	41	4	40	14	cell = 400 to 407
19	14	99	11	53	-25	24	10	cell = 408 to 415
66	3	49	45	29	-18	48	-33	cell = 416 to 423
44	-11	43	-4	-5	33	42	-23	cell = 424 to 431
-16	-39	63	-19	69	15	38	20	cell = 432 to 439
105	14	100	-74	59	27	62	23	cell = 440 to 447
52	21	37	-25	21	-2	5	11	cell = 448 to 455
26	2	35	-17	26	9	38	3	cell = 456 to 463
15	-7	51	8	26	1	46	-5	cell = 464 to 471
41	-7	53	-33	50	51	1	35	cell = 472 to 479
37	-21	26	-7	59	17	27	-18	cell = 480 to 487
43	43	56	-25	50	-43	46	2	cell = 488 to 495
34	-6	-8	-101	-56	-68	13	-49	cell = 496 to 503
45	39	70	9	41	-25	37	1	cell = 504 to 511
-34	-6	10	-62	-30	-24	-66	-39	cell = 512 to 519
-31	-63	-37	-4	-13	-51	7	-10	cell = 520 to 527
-52	-61	0	-24	-47	-13	-23	8	cell = 528 to 535
1	3	-11	-30	-11	-9	-3	41	cell = 536 to 543
-3	25	-13	-14	-29	18	-69	-9	cell = 544 to 551
1	-28	-6	5	34	-30	5	9	cell = 552 to 559
-2	-40	-17	-38	7	-15	-46	-32	cell = 560 to 567
-58	-18	-55	-1	7	-21	-40	-6	cell = 568 to 575
-22	-3	13	-19	-4	7	-39	-35	cell = 576 to 583
0	-60	7	9	-22	2	9	-46	cell = 584 to 591
-6	-45	-31	15	-28	5	8	21	cell = 592 to 599
6	-5	-23	-2	9	-42	-51	-54	cell = 600 to 607
-12	-5	10	18	-7	-26	-49	13	cell = 608 to 615
-4	-34	-22	-3	-9	-4	-19	-68	cell = 616 to 623
-23	-9	-77	-24	-5	-5	-57	-58	cell = 624 to 631
0	-22	-17	-45	-28	-20	-46	-7	cell = 632 to 639
-54	-59	-37	2	-18	1	-22	-9	cell = 640 to 647
-31	-42	-28	-28	-59	12	-47	-12	cell = 648 to 655
-29	-30	-47	-29	-60	-30	-22	-48	cell = 656 to 663
-18	-22	-14	-60	-33	-34	2	-54	cell = 664 to 671
-82	-14	-60	13	-32	-13	-44	40	cell = 672 to 679
-24	-21	7	-12	-11	-10	-20	6	cell = 680 to 687
21	-51	-20	3	-8	2	-50	-46	cell = 688 to 695
-4	4	-43	-19	-4	42	-48	-26	cell = 696 to 703
-27	-6	-45	-30	15	-19	-63	-10	cell = 704 to 711
34	-32	-32	-44	-9	-45	-40	-4	cell = 712 to 719
-40	-6	-40	-41	32	-46	-6	-22	cell = 720 to 727
26	-4	0	-22	-7	-12	-8	26	cell = 728 to 735
-28	-20	-3	53	19	-20	-5	-49	cell = 736 to 743
-21	-29	-46	22	-44	-27	-78	-51	cell = 744 to 751
-44	0	-27	-4	-16	1	-37	-3	cell = 752 to 759
-46	-33	-5	-24	3	-41	-43	-18	cell = 760 to 767
-20	-2	-35	-25	-40	-14	-48	-18	cell = 768 to 775
-30	-46	-7	16	-24	5	-1	-22	cell = 776 to 783
-12	-24	-43	-60	-36	1	10	-30	cell = 784 to 791
-51	-6	1	-23	-3	-29	-20	-18	cell = 792 to 799
-11	-38	-46	2	-12	-55	-46	-44	cell = 800 to 807
-31	-24	6	-19	42	-2	-5	-10	cell = 808 to 815
-32	-35	-50	28	23	-28	-34	-48	cell = 816 to 823
-13	-42	13	23	-17	-55	-11	-13	cell = 824 to 831
-5	-2	-2	-45	9	-5	-5	-33	cell = 832 to 839
-35	-6	-45	-24	-24	-12	-36	19	cell = 840 to 847
-27	-31	-4	-2	-30	-31	-21	-15	cell = 848 to 855
-29	-9	-41	28	-15	-17	13	-34	cell = 856 to 863
32	-15	-24	-5	-42	-54	-14	-32	cell = 864 to 871
-12	-54	16	31	-28	-50	-45	12	cell = 872 to 879
22	-11	3	-24	-26	-38	-55	-42	cell = 880 to 887
-14	-35	-26	1	-32	-8	9	-38	cell = 888 to 895
13	-53	-73	-11	-78	1	22	-4	cell = 896 to 903
-42	-26	-50	6	-27	-25	-11	18	cell = 904 to 911
-36	-19	-43	23	-34	-47	-8	-2	cell = 912 to 919
23	6	-4	-47	-29	3	-44	1	cell = 920 to 927
-22	-29	-51	25	-32	-53	-15	-17	cell = 928 to 935
-18	-31	-8	11	-28	-41	-22	-19	cell = 936 to 943
-24	-37	-66	-56	-43	-9	-59	-49	cell = 944 to 951
-25	-30	-67	-8	-20	-28	-29	-21	cell = 952 to 959
-34	-6	-30	29	-1	21	-33	20	cell = 960 to 967
9	-35	-18	-7	4	-33	10	-33	cell = 968 to 975
-4	-21	-25	28	-10	-40	45	-40	cell = 976 to 983
-42	-15	-47	-43	-31	-13	-34	-40	cell = 984 to 991
-24	-49	-59	-18	36	-12	8	-51	cell = 992 to 999
-17	2	-4	3	-6	-32	-30	1	cell = 1000 to 1007
-40	-25	-28	-21	5	-15	-19	-9	cell = 1008 to 1015
-16	17	-22	-21	-28	-3	10	11	cell = 1016 to 1023
