Calibration values from cell 0 to 1024 for channel 0:

49	11	32	7	38	-39	45	3	cell = 0 to 7
28	-3	62	-13	39	-10	11	-49	cell = 8 to 15
45	-15	65	-13	23	-6	5	-1	cell = 16 to 23
13	12	24	2	46	10	10	14	cell = 24 to 31
14	-63	71	9	41	-3	86	-16	cell = 32 to 39
34	-35	28	31	27	-12	48	-3	cell = 40 to 47
24	-15	33	-24	59	10	65	-23	cell = 48 to 55
31	3	27	-4	-4	-31	37	-20	cell = 56 to 63
11	13	53	-20	76	6	54	-7	cell = 64 to 71
61	11	43	-45	26	20	50	-4	cell = 72 to 79
-5	19	35	-6	48	-18	38	-5	cell = 80 to 87
30	-1	54	0	27	-1	58	-12	cell = 88 to 95
10	-27	27	-28	50	5	65	-14	cell = 96 to 103
0	11	53	-28	31	-12	36	-14	cell = 104 to 111
52	-6	78	-2	74	-4	47	-25	cell = 112 to 119
34	-31	58	-45	20	-16	37	-4	cell = 120 to 127
34	-39	41	4	16	16	18	30	cell = 128 to 135
25	6	23	-21	31	-13	56	42	cell = 136 to 143
61	-13	37	-27	72	37	37	5	cell = 144 to 151
30	-6	61	2	50	17	38	-7	cell = 152 to 159
31	-13	43	-5	11	-25	64	-30	cell = 160 to 167
60	-3	7	-20	35	18	53	24	cell = 168 to 175
60	10	-5	9	50	7	37	-1	cell = 176 to 183
60	4	29	10	28	-18	61	-33	cell = 184 to 191
62	-30	21	2	20	-30	79	23	cell = 192 to 199
-2	8	38	-7	59	-38	48	0	cell = 200 to 207
78	11	48	-39	33	33	43	-9	cell = 208 to 215
84	-26	41	-8	53	-14	45	-53	cell = 216 to 223
33	-24	26	-41	1	-21	1	-17	cell = 224 to 231
46	6	37	20	45	36	45	4	cell = 232 to 239
42	-30	42	-18	56	25	35	-23	cell = 240 to 247
46	16	38	-25	24	0	58	-30	cell = 248 to 255
59	-9	64	-13	20	-39	8	3	cell = 256 to 263
15	-11	6	-16	8	-15	41	-20	cell = 264 to 271
55	7	44	-9	31	-8	42	-4	cell = 272 to 279
18	22	66	29	33	26	65	-13	cell = 280 to 287
80	21	12	3	76	-19	38	-59	cell = 288 to 295
16	17	53	6	25	58	64	-30	cell = 296 to 303
59	18	40	-22	56	-36	22	-12	cell = 304 to 311
55	-12	32	-6	10	21	41	-5	cell = 312 to 319
73	-13	9	8	7	22	5	-6	cell = 320 to 327
63	-7	58	5	62	26	40	12	cell = 328 to 335
51	32	75	21	83	-14	2	-5	cell = 336 to 343
46	-22	54	11	42	28	22	3	cell = 344 to 351
47	-5	60	3	63	-13	41	-26	cell = 352 to 359
67	25	61	16	93	-7	24	3	cell = 360 to 367
75	-29	35	-27	14	-18	21	-30	cell = 368 to 375
24	-17	81	-14	72	-5	69	-3	cell = 376 to 383
36	-35	27	-7	7	8	39	6	cell = 384 to 391
15	14	53	15	32	-19	47	-8	cell = 392 to 399
39	-3	5	17	46	40	28	38	cell = 400 to 407
42	7	11	-30	57	24	44	16	cell = 408 to 415
5	-10	26	-33	8	21	91	-27	cell = 416 to 423
55	50	33	-4	43	-3	30	31	cell = 424 to 431
73	-15	32	5	1	-24	46	-34	cell = 432 to 439
78	-40	35	5	50	-17	36	-9	cell = 440 to 447
58	-36	25	19	36	16	15	-2	cell = 448 to 455
36	-3	32	-10	42	17	36	23	cell = 456 to 463
4	-14	21	-30	65	-5	64	-11	cell = 464 to 471
0	-12	58	-9	62	-18	51	45	cell = 472 to 479
48	6	95	-27	40	13	67	-29	cell = 480 to 487
38	21	27	9	71	16	35	-4	cell = 488 to 495
59	-26	-41	-121	-55	-94	-40	-77	cell = 496 to 503
69	0	41	0	65	-39	45	4	cell = 504 to 511
1	-49	-46	-40	-41	-28	-14	-38	cell = 512 to 519
-14	-55	10	3	-12	-65	5	8	cell = 520 to 527
-22	-18	0	17	-12	5	-46	-66	cell = 528 to 535
13	-27	-59	0	-24	7	17	19	cell = 536 to 543
-9	-22	-35	-29	-12	-10	-34	11	cell = 544 to 551
5	-12	-15	6	10	-43	-8	-11	cell = 552 to 559
23	-6	4	0	16	-4	-10	-38	cell = 560 to 567
3	-37	-20	-8	-15	-12	-40	19	cell = 568 to 575
-16	-29	-17	12	-11	-22	-12	6	cell = 576 to 583
5	-60	-20	21	11	12	-40	16	cell = 584 to 591
3	-43	-16	-47	-23	-19	-36	-3	cell = 592 to 599
0	5	-46	-13	-17	-18	-29	12	cell = 600 to 607
-8	1	0	-19	-25	-57	-9	-6	cell = 608 to 615
8	-44	-6	-59	-10	-54	-5	0	cell = 616 to 623
1	7	5	-14	13	-10	-18	-1	cell = 624 to 631
-31	-37	1	-37	-10	-11	-52	-19	cell = 632 to 639
-25	-45	-20	-35	-53	-31	-44	-12	cell = 640 to 647
-9	-40	-7	-7	-9	-6	-15	-16	cell = 648 to 655
42	-9	-15	-51	-15	13	-15	-50	cell = 656 to 663
-2	-6	3	10	-18	14	-1	-9	cell = 664 to 671
6	11	-8	-3	-9	-31	-10	-34	cell = 672 to 679
-29	-36	-24	-19	-31	-3	-35	-45	cell = 680 to 687
-10	-15	-55	-34	2	-36	-27	20	cell = 688 to 695
-31	-45	-9	20	-15	-24	1	-17	cell = 696 to 703
-52	15	-51	-18	-18	-9	-38	-5	cell = 704 to 711
-1	-14	-23	-10	-2	-10	11	-26	cell = 712 to 719
-17	-12	-21	-4	-56	-23	0	12	cell = 720 to 727
-43	-38	-21	-37	-15	-25	-27	-3	cell = 728 to 735
-25	-16	-34	0	1	-7	19	-39	cell = 736 to 743
-10	-26	-35	4	-42	-44	-22	-24	cell = 744 to 751
-32	-77	-43	-45	-11	14	-35	-28	cell = 752 to 759
5	-36	9	-28	12	0	-30	-12	cell = 760 to 767
12	-29	-6	-32	-19	-45	5	-17	cell = 768 to 775
-24	-35	-8	-10	-32	-33	-23	6	cell = 776 to 783
0	-35	-49	-3	2	0	-46	-25	cell = 784 to 791
-13	-45	-52	-69	-1	9	9	1	cell = 792 to 799
30	-22	-29	-22	-22	-11	-40	-24	cell = 800 to 807
-23	11	2	22	-18	-17	-20	-12	cell = 808 to 815
16	-44	12	21	11	-44	-69	5	cell = 816 to 823
-21	-7	-51	-3	-45	-16	-24	-16	cell = 824 to 831
-5	-42	1	0	1	-17	-53	5	cell = 832 to 839
-24	-39	-10	-42	2	-36	-27	-24	cell = 840 to 847
-11	-31	-52	-36	12	-1	15	-18	cell = 848 to 855
-23	-50	-15	2	13	-38	-8	-23	cell = 856 to 863
12	-13	-18	4	-13	5	24	6	cell = 864 to 871
21	7	-12	-18	-8	-15	-19	-12	cell = 872 to 879
-39	-8	-36	36	-49	-12	-35	7	cell = 880 to 887
-38	-43	2	-11	-53	-8	-18	-29	cell = 888 to 895
-47	-2	-41	-42	-2	-12	-33	-16	cell = 896 to 903
-20	-44	-25	-27	-36	-30	-33	-11	cell = 904 to 911
-31	-17	-51	-30	44	-17	19	2	cell = 912 to 919
-6	-7	-14	-47	-22	-6	-33	-11	cell = 920 to 927
-1	-8	-26	32	-36	-25	-36	10	cell = 928 to 935
25	-64	10	6	-22	0	5	21	cell = 936 to 943
-26	-13	-45	12	-3	0	8	-35	cell = 944 to 951
-21	0	16	-52	-28	-5	-33	-24	cell = 952 to 959
-67	-60	-5	-9	-4	-17	-27	-5	cell = 960 to 967
-15	-20	-18	11	-46	6	-27	-3	cell = 968 to 975
-12	15	-24	-45	-31	-13	-46	1	cell = 976 to 983
1	-46	-29	-7	-13	-21	-45	-31	cell = 984 to 991
-48	-38	-25	-20	-34	-54	-37	-29	cell = 992 to 999
-26	-35	-24	-17	-27	14	-18	-21	cell = 1000 to 1007
-14	-46	-6	-51	-29	-22	-20	-51	cell = 1008 to 1015
3	-12	-24	-72	-52	-3	-26	-24	cell = 1016 to 1023
Calibration values from cell 0 to 1024 for channel 1:

59	15	32	-18	13	-45	73	8	cell = 0 to 7
45	-13	39	-4	31	-9	14	-12	cell = 8 to 15
31	-32	54	8	19	16	57	-41	cell = 16 to 23
18	-36	44	10	48	9	21	3	cell = 24 to 31
29	-31	-4	0	31	-5	70	15	cell = 32 to 39
17	21	17	37	66	8	73	-5	cell = 40 to 47
41	-26	43	6	40	-10	75	-30	cell = 48 to 55
47	-34	22	-26	41	11	27	-2	cell = 56 to 63
52	34	49	-28	34	-15	60	3	cell = 64 to 71
13	31	18	-22	33	-46	31	0	cell = 72 to 79
28	-27	16	-15	62	-8	68	-20	cell = 80 to 87
39	-15	50	-25	58	9	49	0	cell = 88 to 95
9	-16	78	-5	38	-6	68	32	cell = 96 to 103
39	-26	29	10	61	-19	45	17	cell = 104 to 111
41	23	53	8	50	-31	37	2	cell = 112 to 119
64	-26	55	-30	35	8	40	31	cell = 120 to 127
16	-21	52	-53	26	-12	61	2	cell = 128 to 135
4	-19	47	-16	41	42	65	35	cell = 136 to 143
11	32	43	-27	62	26	43	-37	cell = 144 to 151
34	-28	37	38	34	22	83	-15	cell = 152 to 159
38	-16	47	-10	38	-28	74	-20	cell = 160 to 167
80	0	25	-16	31	-31	18	12	cell = 168 to 175
39	-4	20	1	11	-23	25	-7	cell = 176 to 183
54	-34	43	0	34	11	45	7	cell = 184 to 191
21	-17	29	-45	13	-68	23	-28	cell = 192 to 199
67	31	67	-26	32	-2	38	-22	cell = 200 to 207
35	-27	73	-9	43	-4	6	-3	cell = 208 to 215
66	0	79	-23	42	-3	29	-22	cell = 216 to 223
52	-21	34	-15	28	-38	86	17	cell = 224 to 231
39	14	43	42	39	10	56	-6	cell = 232 to 239
29	-10	71	11	23	-25	22	25	cell = 240 to 247
3	20	28	-12	48	17	45	-37	cell = 248 to 255
46	-9	57	17	52	-18	13	-41	cell = 256 to 263
25	-18	45	-37	29	2	24	-13	cell = 264 to 271
44	-8	60	-9	49	-11	22	-12	cell = 272 to 279
22	4	50	-17	57	14	59	5	cell = 280 to 287
24	-24	40	4	50	-22	6	19	cell = 288 to 295
28	7	14	-10	17	13	95	-36	cell = 296 to 303
41	-15	17	6	41	-16	47	5	cell = 304 to 311
55	23	19	-21	58	-32	13	10	cell = 312 to 319
59	-11	29	-5	44	5	65	-6	cell = 320 to 327
69	2	-3	-52	25	-22	-9	31	cell = 328 to 335
64	17	62	9	10	6	17	-33	cell = 336 to 343
54	-34	42	-19	43	-3	43	26	cell = 344 to 351
17	-11	58	7	33	38	30	-13	cell = 352 to 359
51	23	39	19	32	7	83	0	cell = 360 to 367
29	-18	44	-14	24	-34	51	22	cell = 368 to 375
19	12	-9	-7	43	-15	52	-43	cell = 376 to 383
47	-14	29	-7	19	0	39	-8	cell = 384 to 391
37	-39	48	-2	22	-20	42	-34	cell = 392 to 399
58	-6	56	-17	37	2	44	9	cell = 400 to 407
28	-31	42	-4	40	30	38	-11	cell = 408 to 415
25	-6	93	-33	13	7	20	28	cell = 416 to 423
21	29	62	-44	69	-1	24	-2	cell = 424 to 431
78	24	57	18	42	45	30	1	cell = 432 to 439
61	35	42	-22	50	-39	6	-25	cell = 440 to 447
50	-15	30	-56	41	-4	58	-23	cell = 448 to 455
20	-14	24	-3	19	-11	31	15	cell = 456 to 463
51	-29	16	-14	74	-6	48	-37	cell = 464 to 471
46	2	50	10	27	0	34	-38	cell = 472 to 479
27	-14	58	51	33	-11	60	-41	cell = 480 to 487
36	6	66	-29	82	-1	34	5	cell = 488 to 495
34	-32	-33	-99	-47	-79	-40	-36	cell = 496 to 503
72	8	98	5	65	16	71	23	cell = 504 to 511
-15	-16	-2	-23	-32	-27	-42	-33	cell = 512 to 519
8	-44	-66	-39	-50	4	-24	-11	cell = 520 to 527
5	3	12	9	30	-28	15	-17	cell = 528 to 535
24	-2	-24	0	-10	-59	2	-34	cell = 536 to 543
9	-21	-32	-3	-16	20	-26	-15	cell = 544 to 551
-14	15	-20	-15	-15	-24	-6	-34	cell = 552 to 559
-11	-15	6	-20	8	10	-14	-24	cell = 560 to 567
10	-13	-19	-20	5	-32	-48	11	cell = 568 to 575
-36	15	2	26	-18	-40	-25	-16	cell = 576 to 583
10	4	-5	2	-48	5	-4	7	cell = 584 to 591
-39	-29	-10	-4	17	3	-39	-11	cell = 592 to 599
-26	0	-33	-35	35	-9	-39	-36	cell = 600 to 607
-10	13	-6	0	-37	14	-21	-12	cell = 608 to 615
-3	-38	-23	-32	-26	-4	-10	9	cell = 616 to 623
-34	-16	-67	-7	-4	-15	-26	-5	cell = 624 to 631
-39	-24	-3	-14	-8	4	27	-24	cell = 632 to 639
-20	-32	-12	-24	-36	-38	-25	25	cell = 640 to 647
-34	-7	-11	-5	-6	-28	-61	-36	cell = 648 to 655
8	-41	-25	-20	-28	-60	-18	13	cell = 656 to 663
-3	-53	32	-19	-24	-53	-9	30	cell = 664 to 671
-24	8	16	-21	2	-33	-15	-23	cell = 672 to 679
11	-17	9	2	-20	-12	-29	-24	cell = 680 to 687
-13	-26	-47	-11	8	-32	-20	13	cell = 688 to 695
-7	-25	-46	-20	20	1	-46	-7	cell = 696 to 703
9	-82	-20	-17	40	-47	-32	-25	cell = 704 to 711
-16	17	3	-51	23	-65	11	-8	cell = 712 to 719
-31	-23	24	-8	21	-28	-13	-7	cell = 720 to 727
-12	-7	4	-29	-21	-35	17	-2	cell = 728 to 735
0	4	-25	-40	30	0	-13	5	cell = 736 to 743
-20	23	-80	-24	-43	-42	-70	-58	cell = 744 to 751
-20	-30	-4	-36	-36	-9	4	-24	cell = 752 to 759
-40	-49	3	-11	-19	-23	36	-28	cell = 760 to 767
-47	-31	-6	-4	-6	-34	-15	-48	cell = 768 to 775
-26	-3	-23	-41	-8	-20	-56	-30	cell = 776 to 783
15	-16	-38	1	-27	-5	-19	-18	cell = 784 to 791
21	-43	-16	-8	17	-15	-64	-26	cell = 792 to 799
-38	6	-39	-4	-8	-29	-29	-33	cell = 800 to 807
7	15	8	-12	49	9	-19	-2	cell = 808 to 815
-13	-15	-20	0	-26	1	-52	-30	cell = 816 to 823
-16	-62	-46	-9	-20	9	-22	-7	cell = 824 to 831
-35	-27	-47	-54	-11	-31	-40	-26	cell = 832 to 839
-12	1	-50	12	-18	-48	-6	-18	cell = 840 to 847
19	-32	-13	-17	9	-20	-21	3	cell = 848 to 855
7	-22	3	-34	-4	-14	-31	-49	cell = 856 to 863
-18	-61	6	-14	-21	-38	1	3	cell = 864 to 871
-38	-24	21	-32	-20	2	-34	-28	cell = 872 to 879
7	0	-7	-21	4	-45	-15	-33	cell = 880 to 887
13	-29	-36	-13	14	-47	-17	-17	cell = 888 to 895
19	-25	-15	4	-52	-7	-14	-25	cell = 896 to 903
-22	7	-24	-34	10	6	-5	-52	cell = 904 to 911
-2	-12	-20	-2	-32	-36	1	-45	cell = 912 to 919
-32	-60	-7	-3	-10	4	-32	0	cell = 920 to 927
1	-62	-26	-7	-33	-31	-33	-51	cell = 928 to 935
-27	-4	-22	-30	-32	6	-51	3	cell = 936 to 943
16	14	-17	-20	-45	-2	7	-22	cell = 944 to 951
-16	-32	-24	-28	-29	0	-30	-39	cell = 952 to 959
11	-33	8	-34	-36	-6	10	6	cell = 960 to 967
-38	-6	-18	-34	-56	-1	-10	-19	cell = 968 to 975
-13	-39	-18	-29	11	-35	-42	11	cell = 976 to 983
7	15	-18	-24	-14	-14	-21	-62	cell = 984 to 991
-47	-20	2	-3	-3	-18	6	-16	cell = 992 to 999
-43	-28	3	-46	-44	-8	-15	-39	cell = 1000 to 1007
6	-18	-77	-7	8	-39	-36	-25	cell = 1008 to 1015
-11	-33	-16	-17	-12	-43	-28	-25	cell = 1016 to 1023
Calibration values from cell 0 to 1024 for channel 2:

0	-31	44	-43	7	-13	42	-10	cell = 0 to 7
48	-9	-11	-14	76	3	16	-16	cell = 8 to 15
76	2	45	-15	55	22	74	-16	cell = 16 to 23
47	31	31	-38	15	17	52	-12	cell = 24 to 31
47	-11	8	-33	38	0	14	-20	cell = 32 to 39
48	2	37	-24	22	-6	11	-16	cell = 40 to 47
39	-17	31	-1	54	-29	-10	-1	cell = 48 to 55
80	-39	49	18	0	-13	32	-23	cell = 56 to 63
32	-6	48	21	40	-26	65	-30	cell = 64 to 71
33	13	61	8	37	-27	76	-35	cell = 72 to 79
-3	-8	38	-8	41	7	57	4	cell = 80 to 87
39	-5	28	-10	45	31	8	-14	cell = 88 to 95
10	-30	65	-11	31	37	21	-15	cell = 96 to 103
27	8	79	-13	18	-11	2	3	cell = 104 to 111
23	-11	20	5	91	-6	64	-31	cell = 112 to 119
10	0	60	-22	35	-26	33	20	cell = 120 to 127
63	-27	19	-44	36	-26	41	-33	cell = 128 to 135
60	-12	60	-20	51	-26	19	-41	cell = 136 to 143
46	-45	51	0	48	-14	47	-4	cell = 144 to 151
48	-18	27	11	37	9	41	6	cell = 152 to 159
33	-25	-2	-1	24	-5	61	-9	cell = 160 to 167
50	-8	52	16	31	-10	55	5	cell = 168 to 175
59	-17	46	-8	54	-19	12	26	cell = 176 to 183
44	31	44	5	67	-14	46	-39	cell = 184 to 191
26	-17	66	-8	40	-43	84	-45	cell = 192 to 199
28	-36	55	-6	5	35	64	9	cell = 200 to 207
71	9	24	-4	56	19	66	-20	cell = 208 to 215
43	-20	75	3	1	-2	71	-3	cell = 216 to 223
22	-17	27	-42	24	9	35	-22	cell = 224 to 231
61	4	22	6	47	-41	65	0	cell = 232 to 239
86	13	16	-32	47	8	57	10	cell = 240 to 247
81	-41	73	11	40	6	67	-53	cell = 248 to 255
24	-22	12	-10	59	2	33	3	cell = 256 to 263
66	-45	44	-28	19	-4	47	-18	cell = 264 to 271
34	7	25	-16	59	-1	61	-21	cell = 272 to 279
26	15	33	-8	59	-17	1	-20	cell = 280 to 287
32	34	-7	8	67	-28	11	52	cell = 288 to 295
10	-26	54	-37	30	-12	57	-31	cell = 296 to 303
68	15	63	-43	68	10	40	-24	cell = 304 to 311
68	13	59	-3	-12	13	53	9	cell = 312 to 319
56	3	38	-31	51	21	78	3	cell = 320 to 327
51	-14	27	-18	7	-57	14	8	cell = 328 to 335
51	-13	55	-11	28	26	37	2	cell = 336 to 343
25	0	23	3	14	19	64	-31	cell = 344 to 351
26	8	67	-20	45	-14	71	2	cell = 352 to 359
60	-16	28	-27	47	4	25	-28	cell = 360 to 367
64	-17	42	-50	33	14	22	21	cell = 368 to 375
28	-7	48	-22	71	-8	38	31	cell = 376 to 383
37	-23	57	-32	20	-18	72	10	cell = 384 to 391
74	-3	39	-2	4	-18	58	-4	cell = 392 to 399
27	-38	34	-37	2	-13	79	14	cell = 400 to 407
-4	-5	46	3	83	-35	85	-37	cell = 408 to 415
53	-1	64	6	62	-2	11	21	cell = 416 to 423
63	-10	34	-11	29	-18	69	1	cell = 424 to 431
36	25	51	-13	34	15	48	-10	cell = 432 to 439
38	6	79	-2	8	-34	67	21	cell = 440 to 447
78	-18	84	-17	16	-13	13	19	cell = 448 to 455
28	6	57	-5	48	8	74	-9	cell = 456 to 463
69	6	69	-48	45	6	35	-47	cell = 464 to 471
5	5	50	29	32	15	67	-5	cell = 472 to 479
51	24	52	4	22	22	60	-34	cell = 480 to 487
28	26	25	7	61	-39	110	-13	cell = 488 to 495
6	4	-16	-77	-29	-84	-16	-45	cell = 496 to 503
38	28	65	-20	22	-24	24	-3	cell = 504 to 511
1	9	-6	-10	19	-24	-61	-17	cell = 512 to 519
-15	-37	-2	-72	-11	-46	-39	-12	cell = 520 to 527
-25	25	4	-19	-9	-11	-39	12	cell = 528 to 535
-6	-14	21	-22	28	-56	6	-34	cell = 536 to 543
-18	-66	15	-45	16	-43	-21	23	cell = 544 to 551
9	-35	22	-12	-6	-6	-35	-13	cell = 552 to 559
-48	3	-17	-12	-5	9	-30	7	cell = 560 to 567
-40	-11	-2	-36	14	-9	-15	-17	cell = 568 to 575
-4	-53	-15	-4	7	12	-5	-39	cell = 576 to 583
-12	16	-17	1	-17	-15	-26	-27	cell = 584 to 591
-13	-22	-25	-47	-23	-37	12	-32	cell = 592 to 599
-22	16	2	-15	-19	-34	18	-37	cell = 600 to 607
47	5	5	14	-25	-25	9	-48	cell = 608 to 615
-9	-8	-27	-18	9	-3	-65	3	cell = 616 to 623
-54	0	-19	-36	-45	-46	-44	22	cell = 624 to 631
20	-17	-20	-26	3	-35	-54	-10	cell = 632 to 639
-24	-11	-38	21	4	-28	-40	1	cell = 640 to 647
-7	8	-33	-47	-22	-21	-30	-15	cell = 648 to 655
-12	-26	-38	-7	-19	-17	20	9	cell = 656 to 663
-29	-27	23	10	-47	-31	7	-46	cell = 664 to 671
-23	-27	-18	-21	-10	-22	-40	-15	cell = 672 to 679
14	-26	-51	-37	-5	7	6	15	cell = 680 to 687
-37	-10	31	-9	5	-11	-18	21	cell = 688 to 695
-18	-22	-5	-45	9	-14	-32	-27	cell = 696 to 703
-35	-59	5	-17	-17	-35	-22	-36	cell = 704 to 711
-11	-11	-24	-6	8	-17	-44	-1	cell = 712 to 719
2	4	-23	-8	1	19	15	0	cell = 720 to 727
16	-30	8	-57	-13	-33	9	2	cell = 728 to 735
3	-25	-34	-8	-33	-3	-8	-23	cell = 736 to 743
-24	-23	12	-33	10	-16	-15	3	cell = 744 to 751
-13	-67	9	-11	10	12	-6	-12	cell = 752 to 759
-17	-19	-26	7	-30	-16	-29	-24	cell = 760 to 767
-31	-36	-9	-2	22	-33	-36	-20	cell = 768 to 775
-6	-8	-71	-55	-3	-23	0	10	cell = 776 to 783
8	-13	-2	-43	4	-24	-29	-47	cell = 784 to 791
14	-31	-26	-5	-20	9	-42	-3	cell = 792 to 799
-1	-1	-19	-15	-45	-2	-47	-20	cell = 800 to 807
9	-22	-18	12	-35	-18	10	-34	cell = 808 to 815
-11	-5	-6	-32	5	-21	-22	1	cell = 816 to 823
-19	-20	-22	-33	46	-10	-56	-7	cell = 824 to 831
-5	-11	2	-4	-13	-24	-25	-30	cell = 832 to 839
-2	-21	-28	-43	-8	-5	-15	-56	cell = 840 to 847
-33	-8	-19	-31	3	-45	6	-15	cell = 848 to 855
13	-10	-25	-40	22	-25	-43	5	cell = 856 to 863
2	-12	-7	26	-23	-40	-58	-40	cell = 864 to 871
-12	-68	-15	-2	-61	-9	-35	-2	cell = 872 to 879
-4	2	-4	-44	-15	-12	-9	15	cell = 880 to 887
-33	-31	-17	19	-27	-13	-18	-19	cell = 888 to 895
-28	6	-10	-21	16	-30	-21	-17	cell = 896 to 903
-23	-6	-8	-29	-44	-17	-47	-17	cell = 904 to 911
-35	-48	-65	-11	-22	24	-9	0	cell = 912 to 919
-47	-13	-31	-17	-2	-28	-4	-31	cell = 920 to 927
-10	-4	-47	9	-44	-37	-21	-18	cell = 928 to 935
-9	-24	1	5	-44	-35	-47	-13	cell = 936 to 943
-43	-6	-65	-46	-19	-26	-31	-5	cell = 944 to 951
-38	15	-32	-29	-4	-18	-25	-42	cell = 952 to 959
-2	-36	-6	-13	-2	-52	7	46	cell = 960 to 967
-7	-12	26	13	-8	8	-18	-42	cell = 968 to 975
18	-4	-25	-10	-14	-46	-40	-33	cell = 976 to 983
-20	-45	-40	-4	-5	-16	-52	-33	cell = 984 to 991
-37	-15	9	14	-6	-33	-20	3	cell = 992 to 999
-31	-55	-13	-10	-44	-19	-15	-56	cell = 1000 to 1007
-35	-2	-52	3	-17	-35	-32	-19	cell = 1008 to 1015
-20	-11	-27	-7	-56	-27	-62	-46	cell = 1016 to 1023
Calibration values from cell 0 to 1024 for channel 3:

11	-13	75	-31	42	-18	77	-21	cell = 0 to 7
35	-16	-3	-18	30	-10	23	4	cell = 8 to 15
50	-5	45	-37	41	-30	49	-6	cell = 16 to 23
45	-17	53	-17	62	-48	54	-9	cell = 24 to 31
50	34	37	11	49	-30	57	-13	cell = 32 to 39
41	-14	63	-25	31	20	34	-5	cell = 40 to 47
11	-13	26	-35	61	-24	52	-10	cell = 48 to 55
42	-44	0	-19	40	-23	45	31	cell = 56 to 63
46	-15	71	-21	45	3	30	15	cell = 64 to 71
35	-1	66	-22	38	-33	45	6	cell = 72 to 79
13	-18	52	6	31	-16	21	-6	cell = 80 to 87
27	8	42	-58	78	-5	37	-41	cell = 88 to 95
51	-23	53	-25	19	22	15	-38	cell = 96 to 103
39	-10	18	-27	44	-19	27	-48	cell = 104 to 111
64	-51	37	-15	72	-8	32	-8	cell = 112 to 119
36	8	81	-8	22	-12	29	39	cell = 120 to 127
59	-6	67	-11	28	-45	50	-35	cell = 128 to 135
27	6	23	0	30	5	49	-7	cell = 136 to 143
57	-35	39	-26	75	28	56	-23	cell = 144 to 151
25	13	47	-15	25	-22	28	-4	cell = 152 to 159
60	5	35	-28	67	-31	59	11	cell = 160 to 167
48	-10	53	27	52	14	51	10	cell = 168 to 175
37	-13	32	-54	42	24	40	-33	cell = 176 to 183
23	9	1	-10	18	-28	22	1	cell = 184 to 191
18	-24	5	-38	15	-14	63	-19	cell = 192 to 199
52	-24	41	-10	19	0	13	-25	cell = 200 to 207
7	-8	44	4	56	23	68	0	cell = 208 to 215
54	-12	56	-21	40	8	10	-24	cell = 216 to 223
76	-24	14	-25	57	-36	35	-31	cell = 224 to 231
59	-2	48	12	53	-32	32	0	cell = 232 to 239
65	-31	43	-17	27	6	82	9	cell = 240 to 247
58	-51	15	-29	69	37	39	-48	cell = 248 to 255
42	-43	33	-46	83	-18	44	-15	cell = 256 to 263
10	-5	47	-25	72	4	41	-9	cell = 264 to 271
71	-17	58	-42	22	-4	43	2	cell = 272 to 279
70	0	54	-29	27	-5	28	-9	cell = 280 to 287
49	-11	56	-23	44	-25	28	-20	cell = 288 to 295
32	-14	43	-25	71	-1	25	-6	cell = 296 to 303
29	-9	19	-18	31	-10	63	8	cell = 304 to 311
51	-17	70	14	50	6	74	-14	cell = 312 to 319
60	-5	53	-9	33	-34	59	-15	cell = 320 to 327
39	-24	38	13	63	16	11	-4	cell = 328 to 335
10	33	25	8	72	-13	31	35	cell = 336 to 343
25	-5	44	20	59	11	80	27	cell = 344 to 351
6	9	50	26	67	-18	32	0	cell = 352 to 359
66	0	72	-10	78	-17	89	-12	cell = 360 to 367
4	4	76	8	38	4	46	29	cell = 368 to 375
52	-32	85	-12	45	22	62	8	cell = 376 to 383
48	20	53	-40	48	-18	74	13	cell = 384 to 391
39	0	63	26	48	10	51	11	cell = 392 to 399
51	8	27	-26	28	18	20	17	cell = 400 to 407
51	0	36	-25	75	0	77	0	cell = 408 to 415
27	-1	52	-27	34	8	31	-32	cell = 416 to 423
25	13	71	-36	58	-40	63	-29	cell = 424 to 431
34	6	72	-5	47	-46	19	7	cell = 432 to 439
86	33	37	3	42	4	42	-4	cell = 440 to 447
44	-5	63	12	38	3	32	-33	cell = 448 to 455
74	-10	3	6	63	19	47	-15	cell = 456 to 463
69	18	45	2	53	2	52	20	cell = 464 to 471
49	-46	70	-3	7	-1	58	13	cell = 472 to 479
58	-38	61	11	50	7	9	-30	cell = 480 to 487
30	14	62	18	64	-11	45	-1	cell = 488 to 495
82	-3	-36	-75	-17	-61	-24	-74	cell = 496 to 503
76	5	31	-12	35	6	40	-12	cell = 504 to 511
-28	12	-62	-34	2	-52	-25	-51	cell = 512 to 519
17	-25	-20	6	-70	-66	-17	20	cell = 520 to 527
-47	-35	-13	-2	-23	-33	7	-22	cell = 528 to 535
21	-20	3	-27	-41	-34	2	-33	cell = 536 to 543
26	-38	-51	11	6	6	-2	2	cell = 544 to 551
-26	-25	-20	2	-46	-10	13	-54	cell = 552 to 559
1	-20	-20	-27	17	1	11	1	cell = 560 to 567
-27	-45	-38	14	-75	-23	11	5	cell = 568 to 575
-24	0	9	3	-25	-39	-29	12	cell = 576 to 583
-4	-50	-30	-37	-62	-25	-49	-1	cell = 584 to 591
-9	-50	-1	-26	-1	-37	2	-40	cell = 592 to 599
-37	-46	-55	3	-22	-2	-34	-13	cell = 600 to 607
-15	-11	-36	11	13	-39	-16	1	cell = 608 to 615
10	-2	-7	-8	-16	16	5	17	cell = 616 to 623
-31	-62	28	-17	1	-31	-6	-38	cell = 624 to 631
0	5	-52	-12	-16	6	-53	-9	cell = 632 to 639
-36	-29	-7	-54	-5	-32	-30	-9	cell = 640 to 647
-48	-15	-17	-19	-23	-15	-3	-9	cell = 648 to 655
-22	-42	-24	-24	-8	-29	3	12	cell = 656 to 663
8	15	12	11	-7	15	-4	-44	cell = 664 to 671
-12	-9	-38	-19	5	-30	-30	-28	cell = 672 to 679
-35	-12	-38	-3	-2	-40	-33	-9	cell = 680 to 687
-20	-56	-5	-38	-30	-6	12	-30	cell = 688 to 695
-1	-23	-63	-8	-54	-38	-50	-15	cell = 696 to 703
-25	-12	-12	-25	-15	-1	-34	-37	cell = 704 to 711
-25	-29	1	-31	-37	-46	-37	-55	cell = 712 to 719
-17	-24	-32	-15	0	2	4	-13	cell = 720 to 727
-3	-6	-13	-4	-25	-23	-13	14	cell = 728 to 735
-12	-29	-46	-15	-52	-12	-10	-20	cell = 736 to 743
-27	-37	-15	12	-28	-10	-40	-57	cell = 744 to 751
-8	-40	-10	-8	-2	-47	-22	-2	cell = 752 to 759
-23	2	-43	12	-10	-71	-18	-50	cell = 760 to 767
-40	-23	-7	12	-15	-34	-39	-15	cell = 768 to 775
-17	19	-11	-6	-29	-11	-39	-33	cell = 776 to 783
2	-7	25	20	-4	-22	-18	2	cell = 784 to 791
-25	-9	-29	0	-52	4	-4	-15	cell = 792 to 799
-4	-19	-40	-20	0	-33	-32	-45	cell = 800 to 807
-48	-24	18	-46	-13	-51	-17	-45	cell = 808 to 815
-23	28	-8	-12	6	-20	-48	26	cell = 816 to 823
9	-23	-10	-6	-5	-26	-23	6	cell = 824 to 831
-24	-46	-25	-42	-9	13	5	-42	cell = 832 to 839
15	-26	-46	-16	-5	-32	-33	-14	cell = 840 to 847
12	-17	7	-50	-7	-8	-1	-54	cell = 848 to 855
-11	-9	-25	-43	-42	-52	-28	-6	cell = 856 to 863
32	-31	-15	-26	2	-65	-11	-59	cell = 864 to 871
15	-17	-26	-22	5	-22	-12	-12	cell = 872 to 879
-3	1	-20	-20	16	10	-25	33	cell = 880 to 887
-30	15	14	-5	32	-10	-59	-13	cell = 888 to 895
-38	-2	-17	-18	2	-12	-15	-43	cell = 896 to 903
-15	-6	-14	14	5	-33	-7	-36	cell = 904 to 911
-16	-37	-36	27	2	-25	-10	9	cell = 912 to 919
-13	18	19	-8	-33	-23	-25	19	cell = 920 to 927
-8	0	-34	-9	-39	-8	-52	-14	cell = 928 to 935
-3	-17	-17	-13	-3	-20	-15	-18	cell = 936 to 943
-21	-29	14	-22	-7	-42	22	-53	cell = 944 to 951
-16	-16	-39	17	-21	-13	-36	-20	cell = 952 to 959
-29	-33	-36	-32	-28	-14	5	-6	cell = 960 to 967
-16	-45	-17	-21	-41	13	-22	13	cell = 968 to 975
0	-38	-15	-48	-5	-2	3	-10	cell = 976 to 983
-26	3	-44	-14	-24	-12	-15	4	cell = 984 to 991
-12	0	10	22	-23	-12	-9	-12	cell = 992 to 999
-33	-2	-3	0	6	-32	-40	-50	cell = 1000 to 1007
-59	-44	-21	-34	-2	-32	19	-47	cell = 1008 to 1015
-16	-25	-55	-20	-15	-34	-14	-10	cell = 1016 to 1023
Calibration values from cell 0 to 1024 for channel 4:

29	-13	74	-17	10	-39	-5	-30	cell = 0 to 7
38	-43	70	-25	41	-39	43	0	cell = 8 to 15
28	1	38	33	14	-31	30	-28	cell = 16 to 23
21	-28	46	9	51	15	44	-60	cell = 24 to 31
31	-29	43	-48	52	-13	50	-13	cell = 32 to 39
29	-12	46	-6	17	10	67	-26	cell = 40 to 47
63	-40	5	-15	82	-24	50	24	cell = 48 to 55
18	-33	13	14	-3	-49	67	7	cell = 56 to 63
41	53	58	-8	-12	-8	43	-26	cell = 64 to 71
40	-19	58	2	5	-14	25	-20	cell = 72 to 79
34	-27	47	-13	64	-16	74	2	cell = 80 to 87
44	6	-12	-14	17	-4	67	-19	cell = 88 to 95
49	1	34	-15	27	47	40	-31	cell = 96 to 103
44	7	35	-14	19	5	61	-55	cell = 104 to 111
44	23	54	-26	69	7	59	0	cell = 112 to 119
4	-6	15	-9	22	-11	80	-24	cell = 120 to 127
56	-44	39	-20	36	-56	50	-16	cell = 128 to 135
11	2	16	-11	99	-24	26	-17	cell = 136 to 143
39	12	17	8	46	-16	35	-12	cell = 144 to 151
37	40	1	-5	85	-7	41	-26	cell = 152 to 159
62	-39	64	-12	-2	-16	44	-19	cell = 160 to 167
50	6	72	-10	0	-3	50	-34	cell = 168 to 175
51	-27	54	-9	48	-20	23	-30	cell = 176 to 183
44	-38	66	7	26	4	55	-28	cell = 184 to 191
43	37	59	-23	34	10	47	-17	cell = 192 to 199
40	0	40	-12	21	5	66	-43	cell = 200 to 207
52	6	56	-12	59	-22	53	-10	cell = 208 to 215
47	7	36	-19	28	-35	73	28	cell = 216 to 223
31	-37	34	-44	37	-16	28	-10	cell = 224 to 231
73	18	88	4	59	4	82	2	cell = 232 to 239
45	-6	40	27	40	-22	67	-1	cell = 240 to 247
30	-26	21	25	33	-48	23	-20	cell = 248 to 255
-5	-10	20	24	2	-49	50	-44	cell = 256 to 263
53	-10	51	21	31	1	61	-28	cell = 264 to 271
61	-20	47	-36	8	0	58	-16	cell = 272 to 279
78	-26	34	-31	53	-5	35	18	cell = 280 to 287
44	-13	41	-6	58	-6	44	0	cell = 288 to 295
52	3	26	8	53	-19	58	-37	cell = 296 to 303
70	-16	35	12	47	-11	59	-21	cell = 304 to 311
35	11	10	11	76	-4	33	8	cell = 312 to 319
43	35	27	20	47	-12	82	0	cell = 320 to 327
18	13	47	-4	39	-11	43	-2	cell = 328 to 335
45	-8	8	9	28	-32	20	-20	cell = 336 to 343
25	1	80	1	85	24	70	-44	cell = 344 to 351
76	-15	47	-30	38	13	59	-28	cell = 352 to 359
44	16	58	12	60	-34	39	6	cell = 360 to 367
66	7	20	-14	65	19	47	30	cell = 368 to 375
24	-17	57	12	27	-15	57	-15	cell = 376 to 383
39	0	46	-5	12	9	0	11	cell = 384 to 391
57	6	34	-9	29	-11	34	-14	cell = 392 to 399
54	3	8	-26	67	-25	77	19	cell = 400 to 407
59	-5	64	-7	23	6	71	1	cell = 408 to 415
27	-5	30	17	20	14	16	10	cell = 416 to 423
71	-33	64	-1	22	-8	26	-16	cell = 424 to 431
32	12	75	8	40	-11	47	-10	cell = 432 to 439
56	-34	34	-26	25	28	69	-21	cell = 440 to 447
43	15	33	-15	33	5	83	-43	cell = 448 to 455
19	-13	46	-37	6	-13	40	-26	cell = 456 to 463
64	-6	47	1	68	24	70	-7	cell = 464 to 471
22	1	63	-8	28	12	62	-13	cell = 472 to 479
70	0	33	-7	36	12	6	-4	cell = 480 to 487
42	-11	34	6	71	-8	87	17	cell = 488 to 495
46	-9	-66	-63	-7	-72	-42	-51	cell = 496 to 503
87	-22	21	3	33	-23	73	-12	cell = 504 to 511
1	22	0	-19	-35	-15	14	5	cell = 512 to 519
-24	-8	-42	0	-33	-10	-15	15	cell = 520 to 527
17	-49	-16	-15	2	-26	-42	-15	cell = 528 to 535
9	-8	-36	-10	0	-9	-12	15	cell = 536 to 543
-8	-23	-34	-7	-8	-8	-8	13	cell = 544 to 551
-23	-11	-25	-13	-15	-49	23	-16	cell = 552 to 559
-1	-33	10	-24	19	-37	-30	20	cell = 560 to 567
-14	-25	11	-3	-29	-33	-6	-30	cell = 568 to 575
24	-8	27	-7	-21	4	1	-25	cell = 576 to 583
-11	9	-63	-39	-16	-6	-9	0	cell = 584 to 591
-16	20	24	-20	15	-17	-15	-40	cell = 592 to 599
-18	6	21	-37	-30	-14	-4	-13	cell = 600 to 607
-30	-13	-6	-21	-13	-51	2	-17	cell = 608 to 615
-2	-42	-27	-26	-18	-28	-26	-20	cell = 616 to 623
6	-3	-29	-9	-46	22	-20	1	cell = 624 to 631
-13	-40	6	-32	-4	-73	-16	-6	cell = 632 to 639
-24	-35	-23	-9	-26	-46	6	-35	cell = 640 to 647
-8	-15	6	6	9	8	14	-18	cell = 648 to 655
-3	-40	-10	-29	-21	-29	-3	-7	cell = 656 to 663
0	-4	-8	-12	10	-19	-36	-15	cell = 664 to 671
-33	-1	-24	-22	-58	-20	-7	13	cell = 672 to 679
5	-29	-27	-48	28	-14	-33	-42	cell = 680 to 687
5	-5	-9	22	-10	-21	-7	-11	cell = 688 to 695
-25	-33	1	-46	-47	3	2	-21	cell = 696 to 703
2	-44	0	-57	-40	-39	-16	-2	cell = 704 to 711
-31	-4	-21	-21	-9	5	-19	2	cell = 712 to 719
-16	35	-9	-30	9	-42	9	10	cell = 720 to 727
3	-9	-23	-55	-27	-25	-28	8	cell = 728 to 735
-21	-30	-56	-13	-24	-20	-34	-3	cell = 736 to 743
-4	-27	-15	-29	-53	-21	-12	-41	cell = 744 to 751
-32	21	22	-27	-42	-5	4	-23	cell = 752 to 759
-13	-22	4	-18	-3	-22	-1	-32	cell = 760 to 767
-39	-22	-32	-4	-5	-44	-29	-53	cell = 768 to 775
8	-37	11	-19	-23	-1	-7	-8	cell = 776 to 783
15	-34	29	-18	-21	-38	-27	20	cell = 784 to 791
-2	-42	-6	5	1	-10	-11	-46	cell = 792 to 799
-27	-52	-20	-22	-24	-27	-42	-21	cell = 800 to 807
-4	-43	-6	-25	-29	-32	-23	-23	cell = 808 to 815
-43	14	-19	24	-10	-46	-21	-21	cell = 816 to 823
-38	3	-23	-24	4	-38	-30	-9	cell = 824 to 831
-12	-34	-34	-45	-25	-17	-2	-23	cell = 832 to 839
7	-33	-14	-16	-9	1	-6	-28	cell = 840 to 847
7	-2	-3	-15	-17	-52	-5	-22	cell = 848 to 855
18	-37	-34	15	-7	-18	-21	41	cell = 856 to 863
-44	33	7	-2	-5	-5	6	7	cell = 864 to 871
-2	-28	-10	-27	3	-53	-41	-50	cell = 872 to 879
-25	-47	-37	5	10	-12	-10	-37	cell = 880 to 887
13	-23	-19	-30	9	0	-14	-30	cell = 888 to 895
-2	-35	-17	-5	-24	-51	-40	-40	cell = 896 to 903
-10	-2	-17	-36	-5	-12	-4	-6	cell = 904 to 911
-7	-46	-31	-15	20	-51	-4	-18	cell = 912 to 919
-16	-21	-10	-36	-1	-25	-35	-45	cell = 920 to 927
-8	-19	-20	0	-9	0	-9	5	cell = 928 to 935
-7	14	-52	-4	-8	-28	-26	-23	cell = 936 to 943
1	9	-49	22	-57	-11	-37	-29	cell = 944 to 951
-1	-13	6	-13	-5	-29	-33	-35	cell = 952 to 959
-24	-19	-25	9	-45	-22	-26	-23	cell = 960 to 967
0	-33	-20	-36	24	-30	-37	5	cell = 968 to 975
-35	10	-36	-45	-47	13	-28	-48	cell = 976 to 983
-30	-39	-17	18	2	8	-20	-40	cell = 984 to 991
-1	-4	-55	-39	-2	-62	-33	-30	cell = 992 to 999
-30	-17	-52	-45	-62	-1	-47	-51	cell = 1000 to 1007
-1	-9	-32	-16	-31	-55	-14	-17	cell = 1008 to 1015
-2	-42	-31	-35	-39	-20	-3	-23	cell = 1016 to 1023
Calibration values from cell 0 to 1024 for channel 5:

33	11	24	-23	0	-28	15	-42	cell = 0 to 7
77	-9	34	-5	-2	-4	65	-5	cell = 8 to 15
43	20	45	-26	14	-20	32	-9	cell = 16 to 23
37	20	-23	-33	19	17	42	1	cell = 24 to 31
39	2	18	19	45	-8	53	-3	cell = 32 to 39
58	-14	-8	-30	32	-40	14	9	cell = 40 to 47
62	7	35	3	66	-3	27	-16	cell = 48 to 55
46	-3	40	-32	16	0	47	-19	cell = 56 to 63
46	-19	21	-2	38	0	39	-19	cell = 64 to 71
50	-15	55	37	42	-6	29	6	cell = 72 to 79
35	0	43	-23	22	-20	44	-40	cell = 80 to 87
26	18	14	-2	37	-25	34	-27	cell = 88 to 95
48	-37	20	-25	18	-13	37	-13	cell = 96 to 103
20	2	53	-23	33	-17	58	-10	cell = 104 to 111
39	-17	12	-30	43	10	76	-6	cell = 112 to 119
42	27	39	-23	26	-23	48	-9	cell = 120 to 127
30	-35	51	-5	31	13	73	17	cell = 128 to 135
37	18	17	-7	18	26	41	2	cell = 136 to 143
15	-27	63	-24	77	29	57	-18	cell = 144 to 151
52	-27	21	-17	73	13	30	-11	cell = 152 to 159
32	5	47	20	38	-11	78	-2	cell = 160 to 167
66	-1	26	8	73	-17	37	-13	cell = 168 to 175
35	-7	17	13	20	-10	67	-16	cell = 176 to 183
57	-13	74	13	74	34	32	31	cell = 184 to 191
26	12	40	-7	36	-34	49	-28	cell = 192 to 199
42	-13	41	3	43	0	52	28	cell = 200 to 207
56	-13	22	16	32	-17	50	26	cell = 208 to 215
50	12	29	-6	28	8	67	-17	cell = 216 to 223
42	27	75	3	27	-9	81	-11	cell = 224 to 231
61	-22	1	-34	22	-25	74	-4	cell = 232 to 239
46	-16	33	-8	29	20	71	-15	cell = 240 to 247
32	-34	64	20	27	-14	55	-63	cell = 248 to 255
40	-36	41	-12	35	15	36	-14	cell = 256 to 263
68	-35	45	14	23	-7	81	8	cell = 264 to 271
60	44	19	1	69	-18	63	-7	cell = 272 to 279
85	-22	61	25	15	-11	46	-14	cell = 280 to 287
70	-36	51	-1	0	35	70	-8	cell = 288 to 295
55	6	33	-10	43	-21	15	-17	cell = 296 to 303
19	5	24	22	77	-22	37	-27	cell = 304 to 311
72	16	26	8	54	1	36	10	cell = 312 to 319
15	-11	23	14	28	-25	43	-10	cell = 320 to 327
26	-16	51	-6	35	13	47	11	cell = 328 to 335
11	-27	51	3	52	-32	75	-8	cell = 336 to 343
50	-21	43	-23	36	-3	51	-30	cell = 344 to 351
43	-23	37	4	52	-17	50	-16	cell = 352 to 359
69	18	-2	-32	21	-28	97	4	cell = 360 to 367
44	-44	18	-19	65	-3	62	-29	cell = 368 to 375
48	-6	66	-24	58	1	25	-47	cell = 376 to 383
61	30	36	-10	25	-25	36	9	cell = 384 to 391
51	-1	43	-7	69	7	79	-14	cell = 392 to 399
54	-28	32	-2	65	-42	78	-18	cell = 400 to 407
31	17	67	-26	67	7	48	4	cell = 408 to 415
38	-17	28	-7	-2	16	78	-2	cell = 416 to 423
37	20	36	-43	34	-35	25	-20	cell = 424 to 431
30	-14	66	3	62	-12	32	-6	cell = 432 to 439
47	2	46	15	73	36	60	-41	cell = 440 to 447
25	34	19	-34	44	-22	19	-25	cell = 448 to 455
60	6	25	7	3	-12	46	10	cell = 456 to 463
61	-8	47	-27	54	-32	40	-20	cell = 464 to 471
70	38	42	-21	41	6	66	-61	cell = 472 to 479
59	40	30	12	50	-25	33	-19	cell = 480 to 487
26	-21	-3	-20	81	33	66	27	cell = 488 to 495
33	-7	-20	-81	-35	-55	-42	-65	cell = 496 to 503
30	3	60	-19	56	-17	86	-8	cell = 504 to 511
5	6	-6	-2	-25	-29	-19	-53	cell = 512 to 519
20	-38	-29	3	-44	-16	-7	-4	cell = 520 to 527
-17	-58	4	-4	57	5	19	20	cell = 528 to 535
-12	-19	-6	-32	26	-6	-32	2	cell = 536 to 543
1	11	-4	-8	-1	4	-51	-9	cell = 544 to 551
8	23	-13	-27	-57	-46	-37	-3	cell = 552 to 559
-6	-33	26	-19	13	-18	11	0	cell = 560 to 567
-12	-32	-29	8	-1	-21	-26	-18	cell = 568 to 575
-18	-52	-28	4	-4	9	-37	-40	cell = 576 to 583
-36	5	-19	-48	15	-49	-45	-44	cell = 584 to 591
0	0	-56	-62	-18	-44	16	13	cell = 592 to 599
-25	-51	-28	0	-18	24	10	-8	cell = 600 to 607
9	5	-7	-17	13	-24	12	20	cell = 608 to 615
-12	-7	11	0	-15	-26	4	-3	cell = 616 to 623
-19	0	-24	-39	-33	-32	-16	-23	cell = 624 to 631
7	2	-6	14	-15	-4	-7	-20	cell = 632 to 639
-9	-9	-32	16	-31	4	-10	-26	cell = 640 to 647
8	2	-31	-14	8	-44	-11	17	cell = 648 to 655
6	-40	18	5	-21	0	-37	-67	cell = 656 to 663
-51	2	-36	-8	-39	4	-39	-16	cell = 664 to 671
0	-16	-1	-35	-23	-26	-56	-43	cell = 672 to 679
0	-35	6	6	17	-29	-29	-37	cell = 680 to 687
-21	-38	-15	16	-35	-9	-28	-15	cell = 688 to 695
3	-13	-6	-61	16	-8	-44	3	cell = 696 to 703
-11	-44	-32	-5	-2	-4	28	-15	cell = 704 to 711
11	-34	-17	-9	49	10	2	-7	cell = 712 to 719
-7	-47	18	-38	8	-32	13	-35	cell = 720 to 727
26	-43	27	-9	-22	-21	-38	-6	cell = 728 to 735
-24	-26	4	-6	-19	5	-38	29	cell = 736 to 743
-26	-19	-15	-3	21	-24	1	-8	cell = 744 to 751
-25	-22	-29	-4	-3	-15	-27	0	cell = 752 to 759
-35	21	-20	-23	-29	-30	-19	-75	cell = 760 to 767
8	-13	-74	-39	-4	-37	-18	-31	cell = 768 to 775
-56	-30	-15	-21	-30	-12	-31	1	cell = 776 to 783
-14	-33	-44	-20	7	-33	38	-56	cell = 784 to 791
-38	-40	-16	-15	6	-25	-2	-39	cell = 792 to 799
-31	-20	-39	-6	-36	3	-40	-48	cell = 800 to 807
-17	-27	-17	-37	19	-35	-16	-5	cell = 808 to 815
-27	-33	-13	-44	-25	-12	-46	-36	cell = 816 to 823
15	-32	-19	-47	-54	-28	-39	3	cell = 824 to 831
-23	7	-18	-45	-34	-21	-2	-2	cell = 832 to 839
-13	-27	-36	28	-42	-50	9	2	cell = 840 to 847
27	-61	-29	-14	-29	-9	-10	-51	cell = 848 to 855
-10	-10	-53	-10	-34	-56	3	-7	cell = 856 to 863
-38	-7	-32	11	19	-4	17	17	cell = 864 to 871
0	-44	-3	12	-15	-34	-38	-18	cell = 872 to 879
-9	-43	-23	-32	3	-17	-20	9	cell = 880 to 887
-26	-41	-23	-6	-15	-30	-11	33	cell = 888 to 895
-39	-78	-6	-59	-42	-3	-33	-44	cell = 896 to 903
-19	-32	-46	0	20	17	-9	-28	cell = 904 to 911
-23	-26	-27	-33	33	-33	-16	-7	cell = 912 to 919
-29	0	-31	-45	-4	-25	-6	-5	cell = 920 to 927
-17	-35	-17	-19	5	-10	-45	-34	cell = 928 to 935
-46	-19	-53	-3	10	-38	-22	33	cell = 936 to 943
10	0	-30	-14	-36	-5	14	-35	cell = 944 to 951
-33	-31	1	-31	-22	-51	-42	-31	cell = 952 to 959
-19	-11	-13	-8	-35	-12	-12	-60	cell = 960 to 967
-18	-65	-59	-8	-15	-29	9	-41	cell = 968 to 975
1	-39	26	-45	-7	16	-49	-7	cell = 976 to 983
-9	-7	-29	-44	-25	-53	-10	-3	cell = 984 to 991
-20	-28	-44	-35	18	-26	4	-62	cell = 992 to 999
-52	-31	-21	-13	-15	-29	-47	-23	cell = 1000 to 1007
-39	-44	-44	-38	12	-16	-22	-65	cell = 1008 to 1015
-18	-37	-8	-48	-45	0	-47	25	cell = 1016 to 1023
Calibration values from cell 0 to 1024 for channel 6:

29	-35	66	-3	57	-38	52	-38	cell = 0 to 7
27	12	32	-28	11	-18	45	-43	cell = 8 to 15
29	11	84	-2	36	14	65	-31	cell = 16 to 23
26	-29	53	-22	-2	13	44	-42	cell = 24 to 31
39	46	31	-15	50	-5	33	-12	cell = 32 to 39
26	-12	62	-18	44	-3	31	-39	cell = 40 to 47
29	3	5	25	43	8	26	-31	cell = 48 to 55
46	-36	35	-22	4	-13	26	7	cell = 56 to 63
46	13	48	-26	40	-14	24	-35	cell = 64 to 71
61	-3	56	-4	70	-9	29	-23	cell = 72 to 79
41	-52	53	17	47	-17	16	22	cell = 80 to 87
36	15	33	-47	20	-2	27	-34	cell = 88 to 95
30	-17	103	-17	36	-10	42	18	cell = 96 to 103
37	1	51	-24	16	19	48	4	cell = 104 to 111
37	32	47	4	37	-38	10	-20	cell = 112 to 119
48	-15	36	9	34	-13	48	-31	cell = 120 to 127
54	17	2	-5	32	-2	48	-42	cell = 128 to 135
62	-56	16	-33	56	-16	-21	-2	cell = 136 to 143
15	-5	43	-3	33	-12	0	-37	cell = 144 to 151
14	40	69	-16	42	6	69	-16	cell = 152 to 159
52	7	53	5	49	4	55	-10	cell = 160 to 167
29	-27	64	6	77	-27	44	12	cell = 168 to 175
37	19	61	8	65	20	11	19	cell = 176 to 183
75	-28	33	-8	50	-13	45	-1	cell = 184 to 191
56	-10	39	-9	13	-19	39	-15	cell = 192 to 199
53	3	68	10	0	-12	88	30	cell = 200 to 207
41	-19	85	31	22	-5	44	-37	cell = 208 to 215
45	1	56	-21	51	14	32	22	cell = 216 to 223
20	-25	65	1	34	30	33	34	cell = 224 to 231
52	-55	46	3	57	-11	24	-20	cell = 232 to 239
31	16	44	-19	35	-28	40	-24	cell = 240 to 247
65	-11	51	-13	-15	-11	32	-5	cell = 248 to 255
-17	-23	63	-21	32	-44	49	-32	cell = 256 to 263
49	11	34	-1	62	-9	36	-17	cell = 264 to 271
71	-9	53	-4	23	-15	9	-13	cell = 272 to 279
16	19	29	-52	47	-30	65	-6	cell = 280 to 287
73	-14	-10	-15	19	-21	29	-17	cell = 288 to 295
68	-5	54	13	18	-31	43	7	cell = 296 to 303
-36	-33	48	-10	75	-30	59	-5	cell = 304 to 311
48	-6	27	-30	81	-5	54	-36	cell = 312 to 319
27	-10	7	-1	14	-8	30	-5	cell = 320 to 327
30	-46	7	-9	56	2	10	-24	cell = 328 to 335
44	33	40	21	43	-9	48	-28	cell = 336 to 343
41	0	48	-4	22	-3	74	-30	cell = 344 to 351
87	27	27	9	49	30	51	-22	cell = 352 to 359
38	-3	48	22	40	-38	56	-20	cell = 360 to 367
-14	-9	45	-32	55	-10	74	-28	cell = 368 to 375
51	-9	62	17	48	-9	44	-24	cell = 376 to 383
81	0	24	-15	42	-26	13	-5	cell = 384 to 391
63	-18	49	20	32	-36	51	18	cell = 392 to 399
47	33	60	-6	62	-36	71	-36	cell = 400 to 407
45	6	50	-33	25	29	40	-13	cell = 408 to 415
53	-2	36	17	46	9	46	-11	cell = 416 to 423
45	5	37	34	24	16	38	23	cell = 424 to 431
62	-19	27	4	15	8	53	10	cell = 432 to 439
73	-27	53	2	56	5	17	-6	cell = 440 to 447
41	-28	38	-23	70	6	38	-22	cell = 448 to 455
64	-42	52	-22	17	-10	48	-5	cell = 456 to 463
51	28	57	-26	36	9	64	-49	cell = 464 to 471
9	29	36	0	44	-23	25	0	cell = 472 to 479
77	60	75	-16	11	-19	55	-7	cell = 480 to 487
42	2	30	-32	2	3	39	-33	cell = 488 to 495
35	-19	-35	-50	-16	-91	-10	-38	cell = 496 to 503
72	13	41	-17	53	22	43	20	cell = 504 to 511
-29	16	-18	-39	-48	-16	-50	-8	cell = 512 to 519
-4	-56	-24	-28	-33	-13	28	-21	cell = 520 to 527
17	-48	-20	12	9	-19	-8	-2	cell = 528 to 535
-5	-18	-8	-16	19	-6	-6	-20	cell = 536 to 543
-31	0	-47	-19	4	3	52	-2	cell = 544 to 551
-18	-42	-13	1	-25	31	-17	-17	cell = 552 to 559
1	-14	-26	-32	7	-43	-8	-3	cell = 560 to 567
-18	-30	14	1	-12	-42	-17	-26	cell = 568 to 575
-30	-12	16	-41	11	34	16	12	cell = 576 to 583
20	0	11	29	-16	-10	-26	0	cell = 584 to 591
-24	-26	20	-24	-30	-35	-20	6	cell = 592 to 599
-26	-10	-20	-23	0	-15	-8	-24	cell = 600 to 607
19	-34	-34	16	-41	2	-42	-69	cell = 608 to 615
-25	-31	0	10	30	-22	-7	-2	cell = 616 to 623
10	-24	-26	2	-57	-31	6	10	cell = 624 to 631
-46	-6	17	-8	-8	-38	10	4	cell = 632 to 639
-7	-28	-27	-14	17	-34	-51	-42	cell = 640 to 647
-23	-62	-2	-5	20	1	13	-4	cell = 648 to 655
-16	-25	-23	-39	22	-6	-19	3	cell = 656 to 663
-33	-23	-17	12	-49	-9	-10	-38	cell = 664 to 671
-10	-31	1	-55	-6	-27	-30	-22	cell = 672 to 679
20	36	-9	-28	-28	6	-35	17	cell = 680 to 687
-21	-20	-18	-31	-29	-32	-37	-34	cell = 688 to 695
4	-9	-17	23	9	-46	7	-6	cell = 696 to 703
-43	-15	-23	-33	-4	-32	-66	-17	cell = 704 to 711
-10	13	0	-29	-54	-14	-14	-5	cell = 712 to 719
13	-29	9	6	14	-72	0	-45	cell = 720 to 727
-6	4	-8	-8	-2	-46	2	9	cell = 728 to 735
-29	-48	-17	-25	5	-1	7	-5	cell = 736 to 743
-4	-28	-27	-39	-22	-11	-56	-27	cell = 744 to 751
-17	-25	-4	-12	-20	-4	-21	-11	cell = 752 to 759
-24	-17	6	11	2	-34	-20	-42	cell = 760 to 767
-7	-37	-36	-2	-28	-16	0	-20	cell = 768 to 775
-40	-21	2	-34	-21	-26	-25	-16	cell = 776 to 783
-43	-43	-45	18	-24	-9	-14	-35	cell = 784 to 791
-24	-32	-15	9	-10	-23	-27	19	cell = 792 to 799
-18	-11	-5	-16	9	-2	-19	-3	cell = 800 to 807
-37	-4	-21	-13	25	31	-19	-19	cell = 808 to 815
-3	-24	-36	-18	-14	-14	-16	-9	cell = 816 to 823
24	-43	-39	-15	-10	-53	-27	-19	cell = 824 to 831
3	-10	-42	3	-24	5	-60	31	cell = 832 to 839
13	6	-3	-14	-15	-27	-35	-21	cell = 840 to 847
-39	-14	-15	-16	-23	7	-26	5	cell = 848 to 855
-16	-18	-10	15	-54	41	11	14	cell = 856 to 863
-40	-5	-26	-14	-2	-30	-37	-16	cell = 864 to 871
-72	-27	-17	-21	16	-27	-39	-6	cell = 872 to 879
-3	18	-5	4	-31	-9	-25	-52	cell = 880 to 887
-14	-14	-56	13	3	-35	-18	-22	cell = 888 to 895
-13	-38	-31	-50	-10	-8	-9	-13	cell = 896 to 903
-28	-22	11	-6	9	-52	-40	-16	cell = 904 to 911
-29	-18	-14	-27	-20	-34	-42	-22	cell = 912 to 919
-19	-23	-13	-22	4	4	-15	-6	cell = 920 to 927
-61	-49	-42	20	-15	-3	-14	9	cell = 928 to 935
17	-17	14	6	2	-49	-6	0	cell = 936 to 943
1	-11	-5	-24	-72	-53	-57	-15	cell = 944 to 951
-30	-32	-43	16	-8	-41	-32	-37	cell = 952 to 959
6	-17	-46	-12	-5	-60	2	-1	cell = 960 to 967
-30	-7	-32	0	-3	-6	-28	27	cell = 968 to 975
0	-27	-32	-43	-3	-5	-16	40	cell = 976 to 983
-40	-44	-29	-57	-29	-31	4	15	cell = 984 to 991
-12	11	-80	-33	3	-23	-41	-12	cell = 992 to 999
-48	-22	-40	-34	-58	-27	-51	-16	cell = 1000 to 1007
3	-51	-37	-43	-47	-50	4	-27	cell = 1008 to 1015
-37	-10	-29	-24	-30	-23	-4	-39	cell = 1016 to 1023
Calibration values from cell 0 to 1024 for channel 7:

4	-4	33	-20	51	-37	36	-18	cell = 0 to 7
41	-24	32	-11	57	7	16	14	cell = 8 to 15
24	-12	33	-52	54	-31	17	-4	cell = 16 to 23
44	-28	31	-35	23	22	-1	14	cell = 24 to 31
53	-9	51	-9	45	-2	3	-31	cell = 32 to 39
67	21	-7	0	79	-33	45	-19	cell = 40 to 47
6	10	41	-16	44	-20	26	-13	cell = 48 to 55
33	-7	31	-7	19	-15	49	-27	cell = 56 to 63
53	-5	34	-17	45	-13	50	-30	cell = 64 to 71
26	-8	51	22	34	-40	18	-1	cell = 72 to 79
42	-17	36	46	29	-36	62	21	cell = 80 to 87
37	-25	1	-22	37	-5	53	-10	cell = 88 to 95
19	8	93	-17	23	3	18	-66	cell = 96 to 103
55	5	-12	-15	58	1	6	-21	cell = 104 to 111
27	-6	41	-7	38	-19	67	7	cell = 112 to 119
67	-5	51	-24	39	-26	44	-12	cell = 120 to 127
61	-28	24	5	41	-14	12	6	cell = 128 to 135
36	5	54	21	14	3	51	-39	cell = 136 to 143
9	-21	52	-6	34	-19	68	-18	cell = 144 to 151
53	-15	42	-7	10	2	41	21	cell = 152 to 159
57	-31	43	-31	21	-25	23	2	cell = 160 to 167
34	-20	42	-4	25	-44	24	10	cell = 168 to 175
50	9	49	5	77	-7	39	16	cell = 176 to 183
64	-27	52	-26	27	-24	46	-5	cell = 184 to 191
52	-18	38	-30	32	42	56	-3	cell = 192 to 199
32	-25	39	-5	31	10	61	39	cell = 200 to 207
35	-34	64	-18	59	-14	31	-10	cell = 208 to 215
24	6	45	-20	71	7	64	-4	cell = 216 to 223
51	-7	24	-35	45	-34	63	-41	cell = 224 to 231
52	-9	-3	-5	48	8	58	-45	cell = 232 to 239
75	-5	60	-6	62	-30	41	1	cell = 240 to 247
51	-14	38	-33	30	-32	70	-23	cell = 248 to 255
28	-22	31	13	8	-37	41	-45	cell = 256 to 263
28	-13	52	-31	68	-34	17	-14	cell = 264 to 271
24	16	10	-27	32	-22	43	-21	cell = 272 to 279
38	-8	28	-13	17	11	48	-47	cell = 280 to 287
49	-51	71	-19	62	-4	50	-36	cell = 288 to 295
37	-15	47	-13	68	50	26	-12	cell = 296 to 303
54	0	44	4	27	23	34	1	cell = 304 to 311
42	-26	9	-11	69	-2	55	-23	cell = 312 to 319
16	9	50	-44	29	7	27	16	cell = 320 to 327
42	12	56	18	37	13	44	2	cell = 328 to 335
73	-13	23	9	46	-45	50	-6	cell = 336 to 343
84	12	50	-21	73	-36	47	-9	cell = 344 to 351
28	-2	34	-9	25	-55	74	-29	cell = 352 to 359
27	-11	52	-35	27	-12	23	-21	cell = 360 to 367
41	-16	38	-33	46	-4	23	6	cell = 368 to 375
14	4	50	-2	30	6	34	-19	cell = 376 to 383
30	-20	28	-9	23	-8	48	-23	cell = 384 to 391
36	-7	72	2	72	-15	51	-9	cell = 392 to 399
40	21	69	-24	59	14	10	-6	cell = 400 to 407
41	-8	33	-2	58	-5	58	-47	cell = 408 to 415
78	-5	43	-3	27	-43	48	6	cell = 416 to 423
73	-6	18	11	41	3	57	-54	cell = 424 to 431
-20	-19	65	46	37	-1	51	-51	cell = 432 to 439
47	-5	28	-8	45	-14	48	-32	cell = 440 to 447
63	-14	28	19	34	-4	57	-26	cell = 448 to 455
40	26	14	0	25	-25	34	-19	cell = 456 to 463
90	17	30	-22	-6	-34	26	30	cell = 464 to 471
55	12	11	4	53	-41	33	-42	cell = 472 to 479
84	-11	57	7	50	37	26	-2	cell = 480 to 487
17	-8	55	-33	77	8	25	30	cell = 488 to 495
-14	19	-33	-63	2	-99	-24	-67	cell = 496 to 503
19	-10	54	-39	35	22	29	-7	cell = 504 to 511
15	-12	-33	8	22	-20	11	-18	cell = 512 to 519
-37	-8	-10	-21	22	-32	57	-3	cell = 520 to 527
-29	0	-47	-48	-22	-24	22	4	cell = 528 to 535
38	-50	-31	-12	-1	-21	-2	-32	cell = 536 to 543
-18	-17	-25	-12	-24	-34	-25	2	cell = 544 to 551
4	-58	11	-43	-4	-25	-44	-12	cell = 552 to 559
16	-17	-16	-12	37	-16	-33	-23	cell = 560 to 567
-28	-27	12	10	8	-31	3	-17	cell = 568 to 575
-24	21	-19	-12	-44	-33	5	-30	cell = 576 to 583
-17	-36	-22	11	-10	-22	-41	0	cell = 584 to 591
2	-9	-22	1	4	-15	0	-15	cell = 592 to 599
14	3	-66	-8	-22	-7	-29	-3	cell = 600 to 607
10	-16	14	-18	12	-11	-34	-19	cell = 608 to 615
12	3	-43	-2	-4	-19	-11	9	cell = 616 to 623
-29	-28	-10	-27	-38	-17	2	-17	cell = 624 to 631
-17	1	22	-19	29	36	-23	-21	cell = 632 to 639
-27	-22	-42	-27	6	-43	-10	-8	cell = 640 to 647
-9	-36	-15	4	-5	27	-11	-10	cell = 648 to 655
-3	-61	-26	-3	-14	13	-23	5	cell = 656 to 663
-2	0	-30	-7	-32	5	-23	-41	cell = 664 to 671
13	5	29	10	-30	8	-14	-17	cell = 672 to 679
-28	-36	-22	-7	1	-27	-11	5	cell = 680 to 687
-37	-29	-27	-54	-13	-2	8	-22	cell = 688 to 695
-11	-36	-2	-54	-35	-8	-31	14	cell = 696 to 703
-23	-39	-16	-46	16	-48	3	-19	cell = 704 to 711
-4	-6	-20	0	-53	-20	10	0	cell = 712 to 719
13	8	-37	-24	-12	-9	-5	-9	cell = 720 to 727
17	-24	-35	-7	-28	-16	-34	-17	cell = 728 to 735
-16	-37	-25	-32	12	-12	-2	-8	cell = 736 to 743
-22	10	-16	20	39	-61	-48	3	cell = 744 to 751
-14	-64	-28	-24	40	-38	-21	-15	cell = 752 to 759
-9	-20	9	-8	-11	-22	-15	-19	cell = 760 to 767
-24	-7	-26	-23	-15	-38	-56	-41	cell = 768 to 775
-8	-38	-55	11	19	-21	-10	7	cell = 776 to 783
18	21	-7	-34	30	-26	-17	26	cell = 784 to 791
19	-45	-28	31	-24	-27	-26	7	cell = 792 to 799
-5	2	0	45	20	0	-7	-9	cell = 800 to 807
-26	3	14	-33	29	4	-12	-34	cell = 808 to 815
-30	-23	-22	-19	-17	-10	-4	-14	cell = 816 to 823
-13	-23	5	-14	3	-14	25	-21	cell = 824 to 831
-11	12	8	-15	-30	-47	-25	-23	cell = 832 to 839
-18	8	-46	-8	-32	1	-40	6	cell = 840 to 847
-27	-23	23	-40	-51	-24	7	-21	cell = 848 to 855
-15	-6	18	-9	-32	-27	7	-12	cell = 856 to 863
-4	-47	-34	-12	-13	-59	3	9	cell = 864 to 871
-19	-21	-34	-25	-50	-45	5	-1	cell = 872 to 879
-10	-19	6	-36	-3	2	-22	-35	cell = 880 to 887
-22	-17	-40	10	-12	-57	0	-33	cell = 888 to 895
-33	-12	-17	1	14	-46	-9	-36	cell = 896 to 903
-32	-34	-13	-10	32	-41	-5	-34	cell = 904 to 911
3	-30	-14	-44	12	-29	-45	-15	cell = 912 to 919
-12	-7	-4	5	-18	-15	-15	-20	cell = 920 to 927
-36	-20	0	-13	5	-8	-37	0	cell = 928 to 935
-35	-20	13	-23	12	-19	-28	-1	cell = 936 to 943
5	-34	-57	-37	3	-23	-21	-22	cell = 944 to 951
-3	-10	-61	-23	6	-4	19	-2	cell = 952 to 959
-17	-60	-45	12	-23	-27	-33	-2	cell = 960 to 967
-20	-23	-9	3	-10	-51	-14	-39	cell = 968 to 975
-5	-4	7	-27	15	-31	-33	-25	cell = 976 to 983
-8	-9	-33	-7	-40	13	-15	-2	cell = 984 to 991
-11	-35	-22	-48	-26	-40	-37	9	cell = 992 to 999
-18	-20	-29	-2	7	-29	17	-16	cell = 1000 to 1007
-10	-46	-35	-36	-3	-10	-44	-7	cell = 1008 to 1015
30	-39	-32	-2	-25	-27	-40	-29	cell = 1016 to 1023
Calibration values from cell 0 to 1024 for channel 8:

80	14	38	-22	-5	-27	5	-63	cell = 0 to 7
30	-21	-4	42	26	21	4	-30	cell = 8 to 15
40	-45	23	26	49	61	13	52	cell = 16 to 23
41	-18	29	9	59	-37	67	-3	cell = 24 to 31
16	32	89	-1	44	-54	72	-19	cell = 32 to 39
44	9	29	-19	60	-13	6	-5	cell = 40 to 47
32	-40	60	-2	61	-43	-13	-34	cell = 48 to 55
62	33	43	-19	20	16	18	-14	cell = 56 to 63
34	-13	11	18	33	16	39	-24	cell = 64 to 71
36	-13	31	18	42	-16	5	-28	cell = 72 to 79
32	45	64	12	41	-20	6	-38	cell = 80 to 87
0	3	42	-40	21	-18	35	-27	cell = 88 to 95
67	-8	65	14	46	34	39	-8	cell = 96 to 103
14	-1	7	-25	26	-3	-2	-8	cell = 104 to 111
10	-29	19	-21	46	6	9	-71	cell = 112 to 119
67	47	46	-16	34	41	13	-17	cell = 120 to 127
8	-18	17	-35	0	21	54	-22	cell = 128 to 135
15	-7	8	-14	32	-11	35	-28	cell = 136 to 143
65	-11	78	-20	55	-13	21	-3	cell = 144 to 151
36	49	81	17	35	-2	-16	-9	cell = 152 to 159
44	-46	62	19	20	4	2	7	cell = 160 to 167
66	7	41	-28	66	6	64	-16	cell = 168 to 175
61	-8	50	-11	40	-33	59	-9	cell = 176 to 183
43	-4	17	-19	53	-9	72	9	cell = 184 to 191
32	-11	43	11	73	-43	61	-17	cell = 192 to 199
38	2	47	-57	18	-5	24	-3	cell = 200 to 207
33	16	45	28	49	22	-15	13	cell = 208 to 215
22	-4	59	-30	82	24	30	-3	cell = 216 to 223
54	-4	55	8	42	16	15	16	cell = 224 to 231
48	6	13	-18	30	-6	75	6	cell = 232 to 239
15	9	73	33	8	29	29	-22	cell = 240 to 247
64	41	60	-9	45	0	19	-12	cell = 248 to 255
49	-12	70	-18	19	-29	98	-5	cell = 256 to 263
23	-3	23	-7	83	-6	75	-50	cell = 264 to 271
55	-14	22	-13	69	15	25	1	cell = 272 to 279
67	-15	58	21	64	65	25	-15	cell = 280 to 287
39	-14	35	-18	7	28	57	4	cell = 288 to 295
40	3	65	-5	30	4	30	35	cell = 296 to 303
76	42	38	4	17	-2	-13	9	cell = 304 to 311
95	-23	39	6	60	37	14	-11	cell = 312 to 319
43	15	11	13	0	-21	13	4	cell = 320 to 327
57	-7	79	-28	43	12	30	-4	cell = 328 to 335
34	-4	49	-2	52	19	68	-18	cell = 336 to 343
68	-6	40	2	53	-3	25	38	cell = 344 to 351
66	16	26	28	52	44	31	21	cell = 352 to 359
69	-11	69	-14	65	34	49	18	cell = 360 to 367
43	16	77	19	10	0	63	43	cell = 368 to 375
76	-45	-10	1	51	-33	63	-36	cell = 376 to 383
49	10	20	-20	26	3	0	-30	cell = 384 to 391
49	3	34	-18	12	7	64	28	cell = 392 to 399
68	-22	67	23	49	-47	34	-3	cell = 400 to 407
62	12	66	-6	75	51	57	-33	cell = 408 to 415
45	-8	50	-12	7	-4	48	-32	cell = 416 to 423
80	-21	45	-14	38	4	34	21	cell = 424 to 431
70	-14	27	-5	24	-9	58	2	cell = 432 to 439
58	13	55	-47	26	-13	52	-14	cell = 440 to 447
29	-38	57	-33	50	-23	62	5	cell = 448 to 455
41	-41	7	1	27	-38	0	12	cell = 456 to 463
18	40	14	-5	56	-31	20	36	cell = 464 to 471
10	-6	47	-22	88	44	59	1	cell = 472 to 479
28	46	80	-2	50	19	48	13	cell = 480 to 487
46	37	43	-15	50	-18	89	-5	cell = 488 to 495
69	14	-9	-123	-45	-31	-42	-80	cell = 496 to 503
59	24	69	44	30	9	14	-39	cell = 504 to 511
-35	-46	-10	-18	-19	-90	-27	-34	cell = 512 to 519
-17	14	-28	8	-34	-10	0	-54	cell = 520 to 527
1	13	4	5	-64	-9	-11	-11	cell = 528 to 535
-21	-22	-74	-16	0	19	3	28	cell = 536 to 543
-49	-38	20	-13	-48	-38	1	26	cell = 544 to 551
-29	-20	-43	19	-9	-38	-42	-28	cell = 552 to 559
-23	12	-3	-6	-55	-38	-32	25	cell = 560 to 567
-13	-43	-42	-27	-17	11	12	-39	cell = 568 to 575
-14	-33	-20	12	-68	-14	-39	-27	cell = 576 to 583
-18	-20	-45	-21	-24	-38	-43	-36	cell = 584 to 591
-50	-5	-13	3	-49	2	10	-21	cell = 592 to 599
7	0	15	-8	31	-38	-38	32	cell = 600 to 607
-29	6	-25	12	32	-32	-39	-8	cell = 608 to 615
14	23	-43	-35	-34	9	-8	-9	cell = 616 to 623
-36	12	-72	-2	-29	0	-26	-12	cell = 624 to 631
-39	-49	-17	22	-32	-30	-8	16	cell = 632 to 639
-14	-16	-5	-35	-31	14	-15	-21	cell = 640 to 647
1	-23	-30	-22	4	-45	-36	-3	cell = 648 to 655
-29	8	-30	-2	-59	-40	10	-25	cell = 656 to 663
-18	-11	-38	1	20	-18	-47	-49	cell = 664 to 671
3	-48	10	-19	-29	-54	8	16	cell = 672 to 679
-36	23	-34	-28	0	0	-14	-2	cell = 680 to 687
-10	-1	-14	13	-20	-47	-22	19	cell = 688 to 695
-26	-22	3	-21	-38	18	-41	7	cell = 696 to 703
-11	-12	-12	-31	-3	-7	-2	-33	cell = 704 to 711
-22	-13	-27	2	-2	-3	-33	-25	cell = 712 to 719
-15	-31	-21	-3	-20	0	-42	4	cell = 720 to 727
0	-17	20	9	-34	-37	2	-3	cell = 728 to 735
-5	-40	-12	-40	-40	-22	4	4	cell = 736 to 743
5	-11	-31	10	-43	-3	-13	-60	cell = 744 to 751
-46	-13	-14	17	-9	-33	-50	-28	cell = 752 to 759
-23	-58	-56	23	-43	-50	-63	-9	cell = 760 to 767
-4	-2	-37	-4	-58	5	-41	-34	cell = 768 to 775
-3	-68	-38	-40	-42	-47	-14	-33	cell = 776 to 783
1	-17	-18	-25	10	-14	-29	-38	cell = 784 to 791
16	-18	-42	-34	5	-2	-6	-19	cell = 792 to 799
-5	-23	-38	-15	-46	-42	-11	-21	cell = 800 to 807
-18	12	-12	-19	-62	-15	5	11	cell = 808 to 815
-25	-25	-30	7	18	-53	-35	13	cell = 816 to 823
-14	-70	-27	-34	-10	3	-3	-25	cell = 824 to 831
-65	-41	-36	-30	-26	-20	-28	-2	cell = 832 to 839
-11	0	11	-20	-25	10	6	-16	cell = 840 to 847
-8	-3	-69	-12	-30	-1	-27	26	cell = 848 to 855
-21	-57	-15	-4	10	-5	7	16	cell = 856 to 863
0	-3	-27	11	-42	-2	16	44	cell = 864 to 871
-20	13	-33	0	-45	15	-12	-32	cell = 872 to 879
-55	-6	-32	-8	-45	-10	-69	3	cell = 880 to 887
0	2	-40	-36	16	-3	-1	-16	cell = 888 to 895
-8	-4	-23	-14	-31	-21	-32	-31	cell = 896 to 903
-7	-9	-18	-28	-8	-21	-4	-7	cell = 904 to 911
-6	-10	-31	3	-49	13	-40	-40	cell = 912 to 919
-9	-29	-68	-31	-21	-8	-37	-25	cell = 920 to 927
-24	0	-47	7	8	-30	-30	-30	cell = 928 to 935
-8	-24	-44	-34	-10	-22	-6	-32	cell = 936 to 943
-39	-7	-12	-27	-59	-27	-42	-3	cell = 944 to 951
-42	-57	-55	-7	11	-18	-65	-12	cell = 952 to 959
-33	-11	-15	-1	-50	-11	-17	-28	cell = 960 to 967
-38	-17	-7	2	-17	-11	-56	-8	cell = 968 to 975
20	-32	-24	10	-6	9	-11	-15	cell = 976 to 983
-8	7	-5	18	1	-19	-41	-17	cell = 984 to 991
-14	-17	-47	-22	5	-37	5	-9	cell = 992 to 999
-36	-3	-38	-31	-9	-55	-40	2	cell = 1000 to 1007
-63	-65	-39	-55	-3	-10	-44	-24	cell = 1008 to 1015
13	-4	-37	-39	-20	-57	-25	0	cell = 1016 to 1023
