Calibration values from cell 0 to 1024 for channel 0:

44	29	32	-18	45	26	34	-14	cell = 0 to 7
43	-19	21	-3	36	20	61	5	cell = 8 to 15
21	-10	88	-9	6	-42	36	20	cell = 16 to 23
25	-20	17	4	29	-28	74	6	cell = 24 to 31
19	-8	38	-20	41	-17	52	11	cell = 32 to 39
48	-20	24	-41	60	30	46	-19	cell = 40 to 47
28	-12	70	5	84	-19	31	-20	cell = 48 to 55
65	-31	48	-32	34	13	30	-37	cell = 56 to 63
81	-10	52	2	32	20	19	26	cell = 64 to 71
47	10	47	-53	58	-5	35	-4	cell = 72 to 79
47	-5	53	-2	38	12	27	1	cell = 80 to 87
70	1	34	-10	31	5	45	-10	cell = 88 to 95
46	-14	49	13	49	-9	47	0	cell = 96 to 103
20	-31	32	-25	42	-24	11	-23	cell = 104 to 111
53	10	45	-6	70	1	0	-8	cell = 112 to 119
29	-30	56	-10	82	-17	11	-5	cell = 120 to 127
33	6	31	-7	63	-25	19	-30	cell = 128 to 135
62	26	23	-37	70	-4	4	-33	cell = 136 to 143
36	-8	71	23	69	-8	41	-29	cell = 144 to 151
69	-17	38	40	58	-7	24	12	cell = 152 to 159
76	-22	59	-16	26	20	57	6	cell = 160 to 167
54	-14	59	-10	4	13	33	6	cell = 168 to 175
47	-36	25	-42	15	-8	29	9	cell = 176 to 183
71	2	44	11	14	7	73	-23	cell = 184 to 191
38	-25	72	-8	45	-1	62	-41	cell = 192 to 199
45	22	19	-13	37	-13	31	-14	cell = 200 to 207
54	-25	34	12	68	15	25	6	cell = 208 to 215
48	5	33	-26	43	-14	33	1	cell = 216 to 223
69	-25	38	-10	43	-16	65	-10	cell = 224 to 231
13	16	41	6	70	-5	29	18	cell = 232 to 239
51	13	56	16	57	-16	59	-29	cell = 240 to 247
70	25	49	21	64	12	66	-4	cell = 248 to 255
50	-21	44	-14	39	-7	37	-21	cell = 256 to 263
60	-10	35	-30	58	-40	-6	5	cell = 264 to 271
86	-4	22	9	98	-12	28	19	cell = 272 to 279
48	-6	26	6	56	-7	88	-13	cell = 280 to 287
52	-9	40	-13	15	26	48	-20	cell = 288 to 295
14	13	69	5	41	30	31	-18	cell = 296 to 303
30	3	62	-18	69	-5	78	-17	cell = 304 to 311
2	17	-7	-53	72	-15	34	-11	cell = 312 to 319
36	-19	25	-17	34	-17	33	-19	cell = 320 to 327
17	-2	46	6	71	-14	93	-44	cell = 328 to 335
75	-9	36	-20	19	-26	45	45	cell = 336 to 343
24	-7	49	-41	7	12	0	7	cell = 344 to 351
44	-2	12	-22	31	-7	55	2	cell = 352 to 359
60	34	72	-28	50	-37	59	5	cell = 360 to 367
32	-49	56	-1	59	2	39	-28	cell = 368 to 375
18	9	44	52	22	-17	16	-1	cell = 376 to 383
70	30	56	-10	9	-46	39	-37	cell = 384 to 391
25	15	54	9	8	-38	50	7	cell = 392 to 399
24	0	28	-45	66	11	91	-26	cell = 400 to 407
79	3	23	12	53	-7	33	-72	cell = 408 to 415
73	-6	37	6	59	5	36	14	cell = 416 to 423
55	4	78	-40	59	-6	58	-3	cell = 424 to 431
12	-34	85	5	29	15	38	31	cell = 432 to 439
78	11	46	-26	67	-18	16	-5	cell = 440 to 447
67	-11	59	-9	29	2	70	23	cell = 448 to 455
17	-42	87	-7	17	9	50	-25	cell = 456 to 463
13	-5	11	15	21	26	25	-9	cell = 464 to 471
39	-3	86	-24	63	-10	29	2	cell = 472 to 479
45	30	65	-20	6	-24	23	-14	cell = 480 to 487
26	-35	32	4	50	33	35	-22	cell = 488 to 495
28	2	-22	-87	3	-15	-20	-85	cell = 496 to 503
74	8	49	3	41	-22	40	-7	cell = 504 to 511
-47	-14	-7	-22	-27	-2	-33	5	cell = 512 to 519
-65	-17	14	12	-39	13	15	-2	cell = 520 to 527
4	-27	-6	3	-7	-36	-14	-32	cell = 528 to 535
-11	-16	-47	-39	-30	-14	-33	36	cell = 536 to 543
-29	-17	17	-3	-34	-16	-20	-35	cell = 544 to 551
-32	-22	22	2	-11	-23	-33	-27	cell = 552 to 559
-22	-28	-29	22	-28	-32	-30	-47	cell = 560 to 567
22	27	-37	7	-28	-23	-38	13	cell = 568 to 575
-19	-11	-51	31	1	-9	-33	-16	cell = 576 to 583
-28	-19	-10	-12	-44	-25	12	-27	cell = 584 to 591
-10	4	-43	-47	-16	-6	-22	-19	cell = 592 to 599
2	-28	-33	-40	-7	-30	-43	-17	cell = 600 to 607
-47	11	-21	-17	2	-17	-8	-26	cell = 608 to 615
-34	-5	-11	-54	7	-22	-24	-29	cell = 616 to 623
-17	13	-26	8	-6	-15	-50	-40	cell = 624 to 631
-19	-32	-22	-47	-41	27	-18	-5	cell = 632 to 639
-24	-50	-29	-43	17	12	-35	-22	cell = 640 to 647
-18	15	-9	-32	13	-40	-34	-34	cell = 648 to 655
-27	-71	4	-1	-32	6	-29	-35	cell = 656 to 663
0	-15	-41	14	7	-10	-35	-8	cell = 664 to 671
-39	-19	-4	28	-41	-16	-9	8	cell = 672 to 679
-27	-11	-17	34	-26	-21	-12	-8	cell = 680 to 687
-32	-38	-20	-14	-33	-46	-7	-38	cell = 688 to 695
-10	-47	-14	-26	-14	22	-27	-5	cell = 696 to 703
-31	7	-20	10	-55	-6	-38	-30	cell = 704 to 711
16	-11	-29	4	-5	20	-18	2	cell = 712 to 719
-55	13	7	18	1	-6	-18	24	cell = 720 to 727
2	-44	-41	4	10	0	-7	-19	cell = 728 to 735
-27	13	-2	-34	-10	-20	-43	4	cell = 736 to 743
-10	-5	-27	26	-9	-28	-36	-9	cell = 744 to 751
-22	-24	3	-10	-6	15	4	-31	cell = 752 to 759
-26	-8	-23	-9	-2	7	-72	-17	cell = 760 to 767
-41	-39	-8	-25	-6	8	-34	-31	cell = 768 to 775
-40	-38	-11	-13	-19	-25	-5	-32	cell = 776 to 783
-24	-3	-19	-31	-35	-35	-2	12	cell = 784 to 791
-40	-5	-50	-11	-11	-6	-37	-53	cell = 792 to 799
-52	-41	-16	10	-17	-31	18	-36	cell = 800 to 807
-15	-56	-19	-12	0	-26	-33	-7	cell = 808 to 815
-32	7	-34	-23	-16	-20	-20	-19	cell = 816 to 823
-7	-10	4	-39	-21	-32	-28	-30	cell = 824 to 831
-20	4	-55	-23	-47	-40	-39	1	cell = 832 to 839
-15	10	-6	-37	-19	11	-13	-34	cell = 840 to 847
8	-29	-12	-30	-16	-58	-17	54	cell = 848 to 855
-8	-18	-15	-7	-32	-15	-23	-2	cell = 856 to 863
-29	-7	-52	1	-77	-49	-27	-41	cell = 864 to 871
-19	4	-1	-14	-32	-24	-8	8	cell = 872 to 879
-20	8	-7	-15	-23	0	-25	-17	cell = 880 to 887
-30	4	0	-22	-21	-16	-54	-15	cell = 888 to 895
-5	0	-46	-39	-23	0	-3	4	cell = 896 to 903
-40	-48	-71	-13	-29	-20	-43	-7	cell = 904 to 911
-14	2	-55	-10	-27	-12	-1	-26	cell = 912 to 919
-17	-19	-8	-13	2	-29	-11	-4	cell = 920 to 927
-15	-3	-8	-34	-34	-27	-14	47	cell = 928 to 935
-10	-51	-24	-8	-10	6	-32	-33	cell = 936 to 943
-11	17	-49	-41	-53	-19	-45	-9	cell = 944 to 951
-25	-23	-14	-25	-54	-4	-25	2	cell = 952 to 959
-13	-6	-12	14	-34	9	-22	-39	cell = 960 to 967
-50	7	-11	-35	-17	-25	-2	-13	cell = 968 to 975
26	-47	-3	-15	-3	10	-20	-45	cell = 976 to 983
-5	21	-16	-39	-42	3	-17	-26	cell = 984 to 991
-24	13	-35	-52	-38	-18	-54	-5	cell = 992 to 999
13	-17	-37	-61	-23	14	-27	-22	cell = 1000 to 1007
-31	-17	-17	-55	-48	-49	-20	-33	cell = 1008 to 1015
-14	-4	-24	-44	-17	-37	-62	-21	cell = 1016 to 1023
Calibration values from cell 0 to 1024 for channel 1:

51	-28	55	35	58	-12	13	6	cell = 0 to 7
34	-10	55	0	42	-25	22	-19	cell = 8 to 15
67	1	9	42	50	-39	37	-37	cell = 16 to 23
33	15	34	2	12	-14	10	11	cell = 24 to 31
49	25	50	-32	50	-32	41	-28	cell = 32 to 39
55	-13	26	22	36	12	53	-3	cell = 40 to 47
38	12	60	-3	64	-5	77	-9	cell = 48 to 55
40	-47	23	9	68	-9	54	31	cell = 56 to 63
65	14	-3	6	36	13	35	30	cell = 64 to 71
38	-30	36	-9	39	-2	42	13	cell = 72 to 79
66	15	32	-20	72	-19	35	-11	cell = 80 to 87
32	-7	35	-28	60	-15	27	-29	cell = 88 to 95
33	1	50	10	31	13	51	-5	cell = 96 to 103
36	6	47	-12	56	27	35	-39	cell = 104 to 111
13	-8	74	11	24	-7	27	-4	cell = 112 to 119
60	0	52	-18	45	-17	41	-2	cell = 120 to 127
-9	-4	51	-30	16	0	10	-1	cell = 128 to 135
19	-39	67	-16	44	-35	66	-21	cell = 136 to 143
42	-31	12	-16	45	4	46	1	cell = 144 to 151
68	17	63	-25	78	-15	48	-13	cell = 152 to 159
59	0	35	20	62	-14	16	10	cell = 160 to 167
83	-20	39	12	28	-5	45	4	cell = 168 to 175
57	-17	13	17	45	-4	80	2	cell = 176 to 183
51	31	59	-7	2	-30	39	-1	cell = 184 to 191
49	11	66	-6	51	11	36	16	cell = 192 to 199
27	21	13	14	68	22	29	-12	cell = 200 to 207
36	21	35	29	24	-32	61	0	cell = 208 to 215
78	-8	14	24	67	1	7	17	cell = 216 to 223
40	-17	75	-4	89	-4	38	14	cell = 224 to 231
39	5	78	2	46	-33	58	3	cell = 232 to 239
61	-16	27	-7	44	-18	42	10	cell = 240 to 247
2	-56	51	42	30	-6	38	-14	cell = 248 to 255
12	-13	61	-15	52	-39	89	2	cell = 256 to 263
18	-7	63	-48	46	24	27	-5	cell = 264 to 271
41	-23	53	-13	18	-3	26	-9	cell = 272 to 279
53	9	36	9	23	-24	42	42	cell = 280 to 287
62	0	8	-4	66	7	37	-6	cell = 288 to 295
58	2	74	-22	59	24	32	-13	cell = 296 to 303
8	-31	54	-20	63	19	77	-3	cell = 304 to 311
44	-2	85	-8	52	-30	28	-13	cell = 312 to 319
32	-18	70	-4	58	-27	67	13	cell = 320 to 327
62	18	56	-31	69	2	36	47	cell = 328 to 335
70	-6	17	-16	62	-13	38	2	cell = 336 to 343
62	19	17	-29	54	7	44	-22	cell = 344 to 351
55	-17	18	8	36	-5	74	-15	cell = 352 to 359
19	11	58	0	40	-12	63	-14	cell = 360 to 367
39	-10	17	9	62	26	28	-6	cell = 368 to 375
49	22	99	23	24	-37	6	-4	cell = 376 to 383
45	12	43	-4	31	29	34	-31	cell = 384 to 391
47	-7	78	5	16	6	32	-26	cell = 392 to 399
20	19	12	-13	39	13	36	-11	cell = 400 to 407
36	-41	47	-5	53	-9	63	-17	cell = 408 to 415
57	-5	52	-26	68	11	47	-20	cell = 416 to 423
72	5	60	-29	25	16	21	-42	cell = 424 to 431
42	-1	42	-2	27	-15	58	8	cell = 432 to 439
27	-4	78	-9	36	-8	70	9	cell = 440 to 447
35	-2	42	-11	18	-38	31	-8	cell = 448 to 455
26	-20	63	-35	89	3	33	-17	cell = 456 to 463
54	-17	45	-30	44	-14	13	-26	cell = 464 to 471
63	-3	48	-25	42	-13	28	-27	cell = 472 to 479
37	-19	29	23	8	0	66	-19	cell = 480 to 487
81	-13	32	6	15	23	91	-4	cell = 488 to 495
36	21	1	-84	-35	-63	-13	-64	cell = 496 to 503
87	0	22	12	8	-16	67	-24	cell = 504 to 511
-7	0	-53	-1	-57	24	-14	0	cell = 512 to 519
-15	-10	-14	-13	-4	-23	-36	-30	cell = 520 to 527
-12	-11	-44	-16	-20	2	-16	-31	cell = 528 to 535
-15	-9	18	10	-28	-18	-16	61	cell = 536 to 543
-52	-6	2	-36	2	-27	-30	10	cell = 544 to 551
-28	-9	10	-10	2	-43	-44	-60	cell = 552 to 559
2	-9	-60	-45	16	-19	-23	-7	cell = 560 to 567
-31	-13	-20	-24	-58	-20	-37	-3	cell = 568 to 575
-20	14	-21	-37	-25	-5	-17	-36	cell = 576 to 583
-36	-44	3	-41	-44	-28	13	6	cell = 584 to 591
-25	-11	0	3	-11	7	12	-5	cell = 592 to 599
-16	12	-3	-28	-20	9	22	17	cell = 600 to 607
-45	-45	-7	-58	-1	-29	-12	-21	cell = 608 to 615
-19	23	-56	-31	-9	-30	11	2	cell = 616 to 623
13	-55	17	-30	-11	-2	-40	-16	cell = 624 to 631
-1	2	-21	20	-7	27	-25	7	cell = 632 to 639
-51	-28	-13	-38	-25	-23	-32	-19	cell = 640 to 647
10	-48	-18	-57	-8	-51	-61	-17	cell = 648 to 655
-49	-4	10	-16	-18	-58	15	-60	cell = 656 to 663
-27	-19	-7	-25	-32	-19	-37	16	cell = 664 to 671
-20	-68	20	-3	-12	-14	-66	-19	cell = 672 to 679
19	-39	-55	-14	-15	3	-29	-18	cell = 680 to 687
0	-12	-30	-13	-12	-25	-40	21	cell = 688 to 695
-10	26	-5	12	-52	-17	3	33	cell = 696 to 703
-25	-7	-28	-12	-17	-9	-27	-1	cell = 704 to 711
-21	-6	-31	-20	-13	-27	-34	-33	cell = 712 to 719
-32	-7	-9	0	-60	-7	-3	-6	cell = 720 to 727
-14	-3	12	-12	-51	20	3	-19	cell = 728 to 735
-24	-22	-8	-37	23	20	-4	-23	cell = 736 to 743
-42	-1	-16	-18	-34	-39	1	6	cell = 744 to 751
-26	-25	-43	-43	9	14	-10	-48	cell = 752 to 759
-7	-12	-14	18	-59	5	-35	-40	cell = 760 to 767
-55	-68	-41	-18	-31	-22	-24	-40	cell = 768 to 775
-41	-20	-10	-29	-19	-14	-42	-26	cell = 776 to 783
-24	-30	-9	-19	-17	-16	-46	-34	cell = 784 to 791
4	-1	-3	1	32	8	-18	-11	cell = 792 to 799
-33	6	-15	-77	-9	-16	-21	-26	cell = 800 to 807
-35	-7	-40	-46	26	-46	9	-22	cell = 808 to 815
-6	0	-60	-17	20	-22	-28	-16	cell = 816 to 823
-7	-1	0	-74	-12	-35	-64	-19	cell = 824 to 831
2	-8	-34	-49	-35	1	-3	-57	cell = 832 to 839
-69	-10	-7	-62	3	-50	6	-14	cell = 840 to 847
-58	-71	-10	-34	-5	-18	-5	-25	cell = 848 to 855
-18	-68	12	-1	-26	-49	-5	15	cell = 856 to 863
-32	-51	-49	-44	-10	-62	-40	-17	cell = 864 to 871
21	-20	-34	4	-20	-10	-16	-12	cell = 872 to 879
13	4	-34	-21	-5	-30	-22	-21	cell = 880 to 887
0	7	-22	-6	-3	-43	-42	-46	cell = 888 to 895
-33	-42	-42	-45	-22	3	-24	-31	cell = 896 to 903
-26	0	-19	-42	-28	-16	-59	-14	cell = 904 to 911
-10	-10	-5	-9	-8	12	-36	-18	cell = 912 to 919
1	-25	-29	9	-38	-16	-65	25	cell = 920 to 927
5	6	-6	3	-9	-14	-25	-53	cell = 928 to 935
-11	-13	-39	-9	-20	-38	13	0	cell = 936 to 943
1	-24	-43	-14	-27	-31	12	-15	cell = 944 to 951
2	-50	-37	-28	-53	13	15	-44	cell = 952 to 959
6	-19	-11	-43	4	-10	3	-38	cell = 960 to 967
-8	-7	-28	-30	-32	-26	-18	-27	cell = 968 to 975
-39	-10	23	-54	0	-24	-17	-12	cell = 976 to 983
10	-50	-30	2	5	-22	-34	0	cell = 984 to 991
-7	-25	-34	-49	-9	-40	-24	-40	cell = 992 to 999
-51	-58	-8	-32	-41	8	-18	-50	cell = 1000 to 1007
7	-39	-27	-16	-22	-35	2	-16	cell = 1008 to 1015
-2	-9	-59	-19	-35	-23	-64	-39	cell = 1016 to 1023
Calibration values from cell 0 to 1024 for channel 2:

68	4	53	4	2	-12	66	-19	cell = 0 to 7
39	-29	80	11	64	-24	40	-27	cell = 8 to 15
48	-7	69	1	64	24	16	-9	cell = 16 to 23
70	17	97	21	11	-1	59	-10	cell = 24 to 31
26	-15	29	-16	50	-10	11	-13	cell = 32 to 39
22	-17	78	-36	63	14	27	-25	cell = 40 to 47
55	-7	24	-7	42	-53	34	-12	cell = 48 to 55
64	4	48	32	10	34	34	-10	cell = 56 to 63
53	-58	39	-3	80	-43	52	-19	cell = 64 to 71
53	22	-2	20	60	-18	44	-18	cell = 72 to 79
36	-4	46	-2	82	-21	29	-19	cell = 80 to 87
71	-1	50	-31	64	-8	45	-41	cell = 88 to 95
36	-43	24	-3	64	-22	4	-8	cell = 96 to 103
36	-2	59	28	30	-26	24	5	cell = 104 to 111
41	13	50	-1	43	-40	49	-33	cell = 112 to 119
22	-4	93	-12	73	-22	36	9	cell = 120 to 127
16	-2	12	-1	42	-14	28	3	cell = 128 to 135
24	-47	35	-45	57	22	28	-32	cell = 136 to 143
32	30	14	7	64	-2	45	-8	cell = 144 to 151
33	-6	27	0	18	12	45	-15	cell = 152 to 159
18	-42	36	-2	55	0	34	4	cell = 160 to 167
50	21	30	-17	65	60	48	4	cell = 168 to 175
24	1	90	-17	35	-25	31	0	cell = 176 to 183
64	-36	49	-32	69	35	38	-18	cell = 184 to 191
86	1	33	-13	47	6	74	4	cell = 192 to 199
43	-20	30	-30	62	-7	41	-7	cell = 200 to 207
54	1	49	-2	48	-5	58	-8	cell = 208 to 215
48	-18	40	14	48	-18	53	-11	cell = 216 to 223
75	-25	71	-15	12	-11	7	-30	cell = 224 to 231
29	-8	25	3	23	-4	40	-22	cell = 232 to 239
34	18	61	-7	32	0	81	25	cell = 240 to 247
28	-6	39	4	40	-35	74	6	cell = 248 to 255
71	24	31	-35	52	-6	48	20	cell = 256 to 263
35	42	16	-11	47	-30	76	-3	cell = 264 to 271
77	17	25	-34	26	-31	74	14	cell = 272 to 279
37	0	36	15	20	-7	14	-29	cell = 280 to 287
62	-5	63	-46	41	-11	70	-18	cell = 288 to 295
-5	-3	10	-6	31	21	48	4	cell = 296 to 303
61	-19	36	50	80	-20	40	-3	cell = 304 to 311
31	9	44	53	8	5	39	3	cell = 312 to 319
39	-15	43	-23	45	-4	56	35	cell = 320 to 327
74	-13	60	-9	47	-14	55	-5	cell = 328 to 335
59	7	69	16	23	-12	39	-3	cell = 336 to 343
36	-13	40	-15	40	-17	-4	-8	cell = 344 to 351
57	-30	28	-14	16	-37	53	17	cell = 352 to 359
23	-32	61	-18	72	-33	35	-10	cell = 360 to 367
36	-39	63	-21	45	-22	51	-28	cell = 368 to 375
12	-2	67	-28	13	31	39	-15	cell = 376 to 383
60	-15	69	-18	41	-16	37	-37	cell = 384 to 391
40	-24	69	-25	79	-23	58	0	cell = 392 to 399
80	-25	57	1	28	-28	24	-20	cell = 400 to 407
58	5	45	31	64	-28	59	-8	cell = 408 to 415
45	21	-9	16	66	38	71	32	cell = 416 to 423
23	47	-14	-17	24	16	77	-14	cell = 424 to 431
53	-18	46	21	86	16	48	-31	cell = 432 to 439
43	23	77	-60	44	40	74	-9	cell = 440 to 447
24	-9	23	23	31	5	36	18	cell = 448 to 455
68	-5	23	-17	39	-12	23	-15	cell = 456 to 463
55	-32	42	-32	28	-2	14	32	cell = 464 to 471
0	-29	22	9	87	-11	43	-15	cell = 472 to 479
29	-10	96	-59	26	-11	74	-54	cell = 480 to 487
21	30	30	10	50	6	10	33	cell = 488 to 495
40	16	-21	-78	-54	-125	-60	-75	cell = 496 to 503
66	52	10	22	52	18	34	-14	cell = 504 to 511
-24	-35	2	28	-64	-2	-25	-33	cell = 512 to 519
-39	-3	-31	-70	-19	-39	23	-16	cell = 520 to 527
-4	-15	-37	-56	-38	-24	-16	-18	cell = 528 to 535
-6	-35	-5	-13	6	3	14	-40	cell = 536 to 543
5	-20	-3	4	-18	-15	-36	-5	cell = 544 to 551
-15	-19	-30	-2	-17	-19	-12	17	cell = 552 to 559
-33	-7	-3	-35	-3	1	-19	-36	cell = 560 to 567
-26	-11	-7	3	-15	-30	-28	0	cell = 568 to 575
-43	-40	-4	-31	-18	0	-35	-12	cell = 576 to 583
6	-33	-17	-26	29	6	-6	14	cell = 584 to 591
-34	-49	-26	7	3	-17	4	20	cell = 592 to 599
9	-19	-29	-20	3	-17	-41	-7	cell = 600 to 607
-5	-27	1	4	-15	-46	2	-9	cell = 608 to 615
-13	-30	-20	-26	-3	-10	2	-11	cell = 616 to 623
3	-46	-26	-29	-41	-48	1	-48	cell = 624 to 631
-39	-21	8	-16	-29	-28	-55	2	cell = 632 to 639
-45	-38	-17	-25	1	-5	-72	-13	cell = 640 to 647
-61	-43	-19	-18	-30	-39	-8	-12	cell = 648 to 655
-28	4	-10	-2	-15	7	-37	17	cell = 656 to 663
-26	-15	5	-5	4	-19	-40	-20	cell = 664 to 671
-28	-10	-22	-42	-33	-43	-57	-5	cell = 672 to 679
23	19	-4	-11	-17	-22	8	-23	cell = 680 to 687
-28	-39	0	-18	-10	-3	10	-42	cell = 688 to 695
-26	26	-19	-47	11	-34	5	-4	cell = 696 to 703
-13	-22	-38	-27	-4	18	-1	-23	cell = 704 to 711
-18	-32	-27	-14	-10	0	-4	-8	cell = 712 to 719
-13	-21	-46	28	-8	-23	15	-49	cell = 720 to 727
-27	17	-16	-20	-39	-30	2	-36	cell = 728 to 735
-19	-36	-18	12	-12	-23	-41	12	cell = 736 to 743
-21	-25	17	-7	-24	-24	-24	-7	cell = 744 to 751
21	-16	17	-41	-45	-31	-52	-13	cell = 752 to 759
-20	-21	8	-49	-34	-2	2	-40	cell = 760 to 767
-35	41	-23	-38	-4	-4	-10	-22	cell = 768 to 775
-29	-19	-6	-30	-30	-18	-41	-6	cell = 776 to 783
-27	-5	-23	6	-31	-24	-6	-20	cell = 784 to 791
-14	-16	-12	-14	-72	-37	3	-22	cell = 792 to 799
-36	8	-57	-45	9	-4	-21	-21	cell = 800 to 807
-5	8	-9	-6	-31	-31	-18	20	cell = 808 to 815
-18	-27	-12	-33	-13	-17	6	-13	cell = 816 to 823
-53	3	16	-68	-18	-24	-7	2	cell = 824 to 831
-28	-37	-35	-70	-38	-40	-45	-19	cell = 832 to 839
-12	3	7	-6	-32	-14	-38	-6	cell = 840 to 847
-18	-13	-45	-21	1	-9	6	-21	cell = 848 to 855
4	-14	0	-2	-12	-28	-30	-5	cell = 856 to 863
-29	2	24	-15	-26	-20	-8	-43	cell = 864 to 871
-10	-10	28	-47	-7	-8	-25	5	cell = 872 to 879
26	2	-16	-24	-52	-32	35	-30	cell = 880 to 887
29	-15	-62	-41	-37	-20	-2	-22	cell = 888 to 895
-43	-4	-27	-23	-37	-14	-53	-50	cell = 896 to 903
-58	-25	6	-18	-28	14	-6	7	cell = 904 to 911
-44	-39	-19	-23	-33	-36	-52	-50	cell = 912 to 919
-39	-17	-23	-28	-30	-7	4	-40	cell = 920 to 927
-24	-39	-4	-23	-29	7	-40	-11	cell = 928 to 935
-31	-37	5	-23	-4	-23	-37	-8	cell = 936 to 943
4	-29	34	-8	-12	-28	-27	-42	cell = 944 to 951
-41	-8	-23	-11	-23	-41	21	-36	cell = 952 to 959
-28	-15	-1	-22	-35	-15	33	-21	cell = 960 to 967
-64	8	6	-3	-14	8	-9	-56	cell = 968 to 975
-48	-6	-12	-54	-22	13	-6	-22	cell = 976 to 983
10	-44	9	-55	-44	-23	-13	1	cell = 984 to 991
-6	-29	-31	-23	-25	-4	5	7	cell = 992 to 999
-42	-37	-45	-22	-22	-27	-62	-20	cell = 1000 to 1007
-29	-9	-20	-50	4	-24	-37	-40	cell = 1008 to 1015
-9	-16	-31	-36	-36	-18	-13	-14	cell = 1016 to 1023
Calibration values from cell 0 to 1024 for channel 3:

41	0	6	11	52	-27	60	16	cell = 0 to 7
88	0	40	42	26	-29	32	-36	cell = 8 to 15
27	-14	69	-26	55	-15	21	-17	cell = 16 to 23
36	27	55	-16	38	-27	27	-3	cell = 24 to 31
81	-25	49	-35	41	-4	49	-11	cell = 32 to 39
88	-50	29	9	69	-32	41	0	cell = 40 to 47
67	-56	57	-21	85	-24	96	-38	cell = 48 to 55
45	-12	75	-36	11	-13	21	-4	cell = 56 to 63
65	-10	52	-23	14	-2	82	30	cell = 64 to 71
14	-31	69	-37	31	-8	39	46	cell = 72 to 79
53	-3	55	-16	57	-12	57	-9	cell = 80 to 87
80	7	25	-23	64	-5	48	-19	cell = 88 to 95
49	-37	-5	-32	77	24	70	-20	cell = 96 to 103
35	-38	37	-26	97	-40	53	-25	cell = 104 to 111
73	-44	73	-11	-13	-8	64	-44	cell = 112 to 119
47	-21	32	2	55	-16	-5	-38	cell = 120 to 127
36	-54	46	6	30	17	53	-23	cell = 128 to 135
86	-10	66	16	35	8	55	-29	cell = 136 to 143
62	-11	29	-13	52	37	61	-45	cell = 144 to 151
45	-55	28	-18	45	-3	38	10	cell = 152 to 159
49	-8	52	5	92	-2	51	-25	cell = 160 to 167
65	-63	60	-10	32	-47	28	-34	cell = 168 to 175
25	23	61	6	56	-46	48	-38	cell = 176 to 183
18	11	42	-16	17	11	34	-26	cell = 184 to 191
48	20	37	-49	22	-44	45	4	cell = 192 to 199
67	24	29	0	45	-6	38	-21	cell = 200 to 207
29	28	88	29	15	-32	44	-17	cell = 208 to 215
59	28	55	-34	48	8	56	-20	cell = 216 to 223
33	27	54	2	85	13	65	-9	cell = 224 to 231
65	25	34	-11	34	-5	58	4	cell = 232 to 239
39	-28	61	-21	74	22	33	-6	cell = 240 to 247
41	10	47	-4	49	-13	46	-16	cell = 248 to 255
64	-30	37	-22	31	-25	34	-46	cell = 256 to 263
24	-19	69	-5	33	-11	55	9	cell = 264 to 271
37	-35	32	-11	47	-22	3	-35	cell = 272 to 279
14	-18	59	-1	23	-41	22	-21	cell = 280 to 287
32	21	60	2	14	23	26	-18	cell = 288 to 295
52	-9	6	12	61	24	88	-30	cell = 296 to 303
44	16	37	0	63	6	36	-22	cell = 304 to 311
24	32	25	-21	51	-29	67	-7	cell = 312 to 319
41	-29	16	-20	62	-12	59	-20	cell = 320 to 327
48	-12	44	-3	54	-38	67	30	cell = 328 to 335
61	-3	44	1	55	-2	45	-21	cell = 336 to 343
71	-25	61	4	75	26	37	-3	cell = 344 to 351
54	-4	58	-2	47	-24	70	-25	cell = 352 to 359
61	-19	46	-16	47	-38	65	4	cell = 360 to 367
61	-31	42	17	3	29	36	-32	cell = 368 to 375
47	1	45	-2	71	-34	46	-44	cell = 376 to 383
33	-26	40	-14	24	14	42	-59	cell = 384 to 391
46	-2	45	-8	46	-8	25	-29	cell = 392 to 399
37	-13	59	-13	55	5	41	-8	cell = 400 to 407
71	9	28	11	44	-30	74	-2	cell = 408 to 415
24	-5	54	-12	36	-61	27	-22	cell = 416 to 423
66	7	79	37	44	-27	28	-10	cell = 424 to 431
37	-9	39	-16	52	8	62	10	cell = 432 to 439
36	-28	106	26	45	-45	43	-1	cell = 440 to 447
52	-21	24	17	45	4	33	17	cell = 448 to 455
51	17	28	-20	39	-15	25	-3	cell = 456 to 463
96	-20	55	4	87	-45	38	-6	cell = 464 to 471
55	-52	40	-35	36	-9	32	-22	cell = 472 to 479
46	-30	51	-6	76	-25	63	-49	cell = 480 to 487
22	9	59	3	45	-12	76	-12	cell = 488 to 495
76	-1	-31	-109	-29	-145	-20	-69	cell = 496 to 503
82	39	41	-12	45	11	11	16	cell = 504 to 511
-27	-46	-3	-10	-43	2	-32	5	cell = 512 to 519
-36	-52	-52	8	-10	-39	6	-12	cell = 520 to 527
-51	-48	2	-15	-19	-2	-38	-19	cell = 528 to 535
-7	2	-16	-17	-63	-27	-20	5	cell = 536 to 543
18	-64	2	-74	-14	-20	-47	-17	cell = 544 to 551
-8	9	-17	-22	-4	-8	-15	-13	cell = 552 to 559
-54	3	-1	-10	-13	-27	4	-22	cell = 560 to 567
-6	-47	-45	-39	-50	-7	-24	1	cell = 568 to 575
-28	-16	-28	-31	-33	-12	-40	-44	cell = 576 to 583
-43	-18	2	-14	-26	-14	-14	11	cell = 584 to 591
-29	-21	-28	-52	4	-13	12	4	cell = 592 to 599
-54	-32	-50	1	-34	-28	-22	10	cell = 600 to 607
-58	-34	0	2	-32	-19	-14	-42	cell = 608 to 615
6	40	-26	0	-19	-11	13	4	cell = 616 to 623
-15	-55	-33	-2	-14	3	7	-16	cell = 624 to 631
-4	-44	35	-23	-56	11	11	-9	cell = 632 to 639
-8	39	-16	22	-43	-8	-6	-16	cell = 640 to 647
-23	1	16	-4	-27	-1	-30	-15	cell = 648 to 655
-3	24	-32	-43	0	-25	23	-11	cell = 656 to 663
10	-53	22	5	-30	-26	33	-38	cell = 664 to 671
-36	43	-7	22	-31	-1	0	-50	cell = 672 to 679
24	-6	-1	8	-13	-13	-6	0	cell = 680 to 687
28	-45	-35	6	-21	-29	-36	-9	cell = 688 to 695
-40	-27	-4	-20	20	-15	-24	-23	cell = 696 to 703
-37	-9	-31	-47	-52	-48	-17	-44	cell = 704 to 711
26	-2	-21	-5	-6	-27	4	-3	cell = 712 to 719
-35	-9	-57	-27	-11	-2	-45	49	cell = 720 to 727
4	-4	2	-30	-48	-2	-1	13	cell = 728 to 735
-16	6	6	-11	-9	-36	-35	-27	cell = 736 to 743
-12	15	20	-10	14	-7	0	29	cell = 744 to 751
10	-17	-23	-16	-3	-24	5	-32	cell = 752 to 759
-9	-26	-48	-39	-54	-19	-10	-79	cell = 760 to 767
-49	-39	-48	-23	18	4	-48	-16	cell = 768 to 775
1	1	-22	21	-9	3	-25	-17	cell = 776 to 783
-8	-4	1	12	-5	-26	-6	-47	cell = 784 to 791
-14	-25	-45	-33	-4	-49	-13	-1	cell = 792 to 799
-25	-53	11	26	2	-48	-40	-9	cell = 800 to 807
6	-20	-23	-4	-14	5	-38	-19	cell = 808 to 815
-3	-17	-43	-36	-20	4	-34	-35	cell = 816 to 823
19	-24	-35	-28	-41	-2	-19	-29	cell = 824 to 831
7	-7	-39	-61	-7	-43	18	-30	cell = 832 to 839
-43	-50	-3	-9	-15	-28	8	14	cell = 840 to 847
-41	-30	-18	-30	19	-4	-9	-19	cell = 848 to 855
-11	4	1	0	-24	-5	-34	-50	cell = 856 to 863
-1	-18	-4	-48	-22	-21	-8	-41	cell = 864 to 871
-26	-30	-19	-22	55	19	22	-35	cell = 872 to 879
-22	-38	-40	-23	13	-11	-4	-34	cell = 880 to 887
-43	-21	-63	-17	-5	-9	1	-45	cell = 888 to 895
16	-20	-38	-7	-43	-26	-20	-24	cell = 896 to 903
10	-15	-44	-26	-30	-1	-59	-31	cell = 904 to 911
-14	-27	-22	-8	-24	-23	-14	-11	cell = 912 to 919
3	-12	8	-18	-22	-4	-17	11	cell = 920 to 927
-9	-1	-6	-17	-8	-45	28	-43	cell = 928 to 935
-17	-21	-54	24	-33	-12	-15	-31	cell = 936 to 943
-3	-38	-22	0	-32	21	-17	-9	cell = 944 to 951
-44	-5	-13	-28	-10	-14	-15	-31	cell = 952 to 959
-48	-19	-28	-9	13	15	-15	-36	cell = 960 to 967
-24	-29	-45	-38	-61	-13	-32	-19	cell = 968 to 975
1	-31	-34	-24	-33	-39	-32	-11	cell = 976 to 983
-37	-20	-26	-52	-14	-22	-24	-17	cell = 984 to 991
-10	-7	-31	-8	-14	-17	-21	-32	cell = 992 to 999
26	-25	-14	-16	-49	-67	-16	-19	cell = 1000 to 1007
-17	-40	-44	-55	-5	-17	-29	-60	cell = 1008 to 1015
3	-10	-19	-48	-20	-46	-7	-34	cell = 1016 to 1023
Calibration values from cell 0 to 1024 for channel 4:

28	8	28	-11	22	26	19	-9	cell = 0 to 7
52	-26	45	-34	57	6	81	-25	cell = 8 to 15
52	22	79	-2	56	10	49	-14	cell = 16 to 23
72	21	28	-20	40	8	20	-44	cell = 24 to 31
47	-10	64	-11	47	19	18	-33	cell = 32 to 39
62	-19	57	22	59	-39	42	-16	cell = 40 to 47
38	4	48	29	58	-29	40	-1	cell = 48 to 55
76	-18	64	3	72	-27	42	-16	cell = 56 to 63
30	-19	20	-18	51	1	61	8	cell = 64 to 71
-6	-5	26	-3	46	-12	23	-6	cell = 72 to 79
46	-5	85	-16	-2	-28	32	20	cell = 80 to 87
72	-23	42	7	33	0	27	-6	cell = 88 to 95
26	-27	27	-42	52	-20	31	16	cell = 96 to 103
47	-12	75	10	56	-9	34	4	cell = 104 to 111
24	8	13	3	28	-44	76	-13	cell = 112 to 119
130	-19	68	-13	30	-8	59	-21	cell = 120 to 127
64	29	71	-20	49	1	25	-45	cell = 128 to 135
38	-45	37	3	85	-15	85	-27	cell = 136 to 143
8	-36	38	16	30	-17	33	-18	cell = 144 to 151
71	-34	21	-24	22	-26	48	-32	cell = 152 to 159
14	9	66	7	57	1	-5	11	cell = 160 to 167
79	-45	82	-23	49	-67	29	-17	cell = 168 to 175
2	36	55	-2	19	-7	31	-13	cell = 176 to 183
54	24	93	-10	48	-7	56	-19	cell = 184 to 191
28	-16	47	-31	38	-33	58	-29	cell = 192 to 199
57	18	17	-11	58	-3	11	35	cell = 200 to 207
39	-13	60	-23	39	-6	71	-24	cell = 208 to 215
63	-13	22	18	40	6	25	-6	cell = 216 to 223
57	-57	54	5	74	-36	50	35	cell = 224 to 231
31	-18	31	43	51	6	32	25	cell = 232 to 239
80	-16	15	16	25	-10	67	9	cell = 240 to 247
51	17	45	4	75	-38	66	-14	cell = 248 to 255
66	22	54	-25	54	-26	39	-6	cell = 256 to 263
45	-2	37	32	9	49	13	-5	cell = 264 to 271
80	-53	36	-6	13	-36	57	-30	cell = 272 to 279
23	-33	60	41	40	-17	36	10	cell = 280 to 287
40	-6	19	-8	45	12	36	-14	cell = 288 to 295
56	-9	37	-7	24	15	50	-33	cell = 296 to 303
53	18	39	9	29	-10	61	28	cell = 304 to 311
54	-39	64	-1	64	-11	29	5	cell = 312 to 319
46	-40	52	-21	41	-17	0	-59	cell = 320 to 327
6	-41	52	6	42	17	61	-10	cell = 328 to 335
55	-9	76	-11	30	5	40	-15	cell = 336 to 343
44	-32	56	-40	44	-6	40	11	cell = 344 to 351
46	-18	89	-38	47	42	37	2	cell = 352 to 359
33	-63	28	-47	50	2	30	-37	cell = 360 to 367
33	1	20	-3	49	-14	61	-20	cell = 368 to 375
73	-26	37	-13	50	-6	49	-22	cell = 376 to 383
36	16	36	-4	39	-8	41	-63	cell = 384 to 391
6	-6	47	-26	53	-29	61	23	cell = 392 to 399
37	3	82	3	54	-18	42	-36	cell = 400 to 407
-6	-1	67	-6	75	30	25	8	cell = 408 to 415
46	32	38	-9	35	-8	58	-37	cell = 416 to 423
54	-21	26	-7	27	-1	28	59	cell = 424 to 431
66	-26	10	-19	70	-15	65	-6	cell = 432 to 439
13	-26	59	-9	45	-13	46	-17	cell = 440 to 447
51	-30	41	-17	39	-48	36	23	cell = 448 to 455
40	-1	23	-13	78	7	42	16	cell = 456 to 463
38	-7	37	10	76	-19	49	8	cell = 464 to 471
24	13	62	-23	70	-6	47	-8	cell = 472 to 479
39	-39	27	10	55	-26	27	-9	cell = 480 to 487
17	-33	20	-3	36	-14	69	-6	cell = 488 to 495
78	-4	-30	-67	-17	-100	25	-31	cell = 496 to 503
54	12	86	17	46	10	42	-44	cell = 504 to 511
7	-8	-36	-13	27	-49	-23	29	cell = 512 to 519
7	-74	-9	-28	-18	-23	-4	24	cell = 520 to 527
-36	-4	-33	-10	-22	-31	31	-34	cell = 528 to 535
-20	14	-31	-24	15	0	-14	-8	cell = 536 to 543
-4	-13	-36	13	-25	0	-26	-15	cell = 544 to 551
-11	-18	-9	-11	-49	-18	-14	-36	cell = 552 to 559
-33	-5	-21	-13	-15	-11	-35	-10	cell = 560 to 567
-22	-35	1	-14	-36	-19	-35	-35	cell = 568 to 575
-42	-50	-46	11	-43	-23	-2	9	cell = 576 to 583
-6	3	25	-33	-38	-5	26	-20	cell = 584 to 591
0	6	-2	-12	3	5	-26	7	cell = 592 to 599
-21	-13	-5	-61	15	32	-23	5	cell = 600 to 607
-38	-22	12	-17	-39	-16	-19	-69	cell = 608 to 615
-19	-37	-23	-16	-22	-15	-31	23	cell = 616 to 623
-29	20	-12	-35	-22	-22	-49	-27	cell = 624 to 631
16	-22	-14	-54	-35	-30	5	-12	cell = 632 to 639
-13	-12	13	-32	28	-11	9	-14	cell = 640 to 647
16	8	-23	-43	-33	-44	-18	-27	cell = 648 to 655
-6	-17	-11	-59	-12	8	1	-47	cell = 656 to 663
-17	-5	-34	-32	-4	15	-13	-4	cell = 664 to 671
-26	-52	-42	8	-11	-69	31	-38	cell = 672 to 679
-7	-51	-8	-37	-29	-48	-34	-3	cell = 680 to 687
19	-47	7	30	-32	28	19	-48	cell = 688 to 695
1	7	-6	-9	-2	-17	-37	-4	cell = 696 to 703
-5	-34	-31	-22	-1	-54	-27	-30	cell = 704 to 711
-34	-7	-31	-39	24	-20	-48	-28	cell = 712 to 719
8	-27	-55	-29	-22	-16	-35	-43	cell = 720 to 727
-26	-6	-43	-20	-7	-42	-18	-14	cell = 728 to 735
-37	-17	-3	8	-13	-9	-21	-31	cell = 736 to 743
-6	-9	-23	-44	-32	-19	-40	-38	cell = 744 to 751
-8	-25	19	-39	30	-32	6	-7	cell = 752 to 759
-30	-56	-2	-5	-19	-22	-31	-25	cell = 760 to 767
-39	6	-63	-24	-6	-39	-19	-23	cell = 768 to 775
-41	-12	-33	-10	-37	-16	-27	-28	cell = 776 to 783
-12	6	6	-33	9	-9	7	-44	cell = 784 to 791
-53	6	-12	0	-27	-25	-24	-53	cell = 792 to 799
-42	-8	-17	-28	-25	-9	10	-34	cell = 800 to 807
-6	-39	-13	-30	4	21	-38	-14	cell = 808 to 815
18	-16	-29	9	-22	-63	20	-45	cell = 816 to 823
6	28	-32	17	-35	-29	-4	-24	cell = 824 to 831
-45	-4	-28	-41	-32	-15	-9	-2	cell = 832 to 839
-9	-25	-21	-52	17	-55	-14	29	cell = 840 to 847
-43	-27	19	-51	7	-13	-24	-13	cell = 848 to 855
-23	-28	-19	-17	-10	-8	-14	8	cell = 856 to 863
-41	-42	-41	-36	13	-25	2	-9	cell = 864 to 871
-12	-27	14	6	-11	-10	-24	-27	cell = 872 to 879
-9	-45	-48	-30	-5	-3	1	-4	cell = 880 to 887
20	-15	-23	-10	-49	-2	-17	44	cell = 888 to 895
-9	10	16	-21	-10	-14	-42	-63	cell = 896 to 903
-64	-50	-9	-10	-3	6	-33	15	cell = 904 to 911
-25	-9	-17	-18	9	-33	-43	-14	cell = 912 to 919
3	-40	-44	-20	-18	-19	-60	34	cell = 920 to 927
-59	-33	-52	-3	15	-45	41	-10	cell = 928 to 935
12	2	-13	5	1	-54	4	3	cell = 936 to 943
-62	-17	-24	-52	1	-17	-13	-5	cell = 944 to 951
-30	-21	-5	-7	-33	-26	0	-3	cell = 952 to 959
-18	-53	0	-37	-16	-70	-10	-29	cell = 960 to 967
31	-16	-9	-34	21	-38	-10	-33	cell = 968 to 975
2	8	0	-2	-20	-14	-16	-8	cell = 976 to 983
-3	-55	6	-47	-42	16	-51	-45	cell = 984 to 991
-17	-39	-17	-41	-31	-26	3	-53	cell = 992 to 999
-30	-33	7	-17	-21	-3	-44	-27	cell = 1000 to 1007
-39	-73	-12	-55	28	-29	-32	12	cell = 1008 to 1015
0	-7	-17	-15	-36	-42	15	-23	cell = 1016 to 1023
Calibration values from cell 0 to 1024 for channel 5:

45	-10	68	-32	26	-2	51	-9	cell = 0 to 7
63	-20	44	-44	31	-29	44	-3	cell = 8 to 15
51	8	69	-5	43	26	28	5	cell = 16 to 23
49	-28	43	-20	15	17	38	-30	cell = 24 to 31
71	-18	64	-26	58	30	79	21	cell = 32 to 39
32	-14	23	0	47	-13	42	-8	cell = 40 to 47
47	-18	37	-15	14	-18	39	-35	cell = 48 to 55
77	12	57	-22	44	-8	48	1	cell = 56 to 63
64	-40	53	-54	42	2	64	-46	cell = 64 to 71
0	-7	93	-41	44	-30	57	-7	cell = 72 to 79
58	-28	45	-31	67	-50	53	-23	cell = 80 to 87
52	-36	-2	0	76	-54	76	3	cell = 88 to 95
5	-23	48	-43	61	-25	19	-3	cell = 96 to 103
60	-30	40	9	57	-54	41	11	cell = 104 to 111
82	-24	44	7	13	-17	10	-20	cell = 112 to 119
59	5	30	1	30	-25	60	-13	cell = 120 to 127
31	-26	14	-17	15	-38	25	-18	cell = 128 to 135
30	2	23	3	35	-2	36	-14	cell = 136 to 143
64	-36	55	1	39	2	66	24	cell = 144 to 151
61	-2	62	-24	55	25	48	-55	cell = 152 to 159
46	-24	14	-25	28	-11	36	-37	cell = 160 to 167
42	-6	71	1	2	8	45	10	cell = 168 to 175
51	-49	47	-4	19	-35	43	-20	cell = 176 to 183
93	18	34	-13	22	-48	37	-4	cell = 184 to 191
51	9	43	-13	16	12	52	-30	cell = 192 to 199
56	-5	83	16	19	-2	16	20	cell = 200 to 207
41	-31	29	-12	53	1	60	29	cell = 208 to 215
36	-10	38	1	26	4	57	-28	cell = 216 to 223
11	-41	66	-27	64	-10	31	-45	cell = 224 to 231
62	-40	64	-8	11	-8	75	8	cell = 232 to 239
30	-21	56	30	45	-60	67	-39	cell = 240 to 247
34	7	57	37	33	-19	69	-10	cell = 248 to 255
28	-45	27	-15	47	-3	38	-21	cell = 256 to 263
48	34	67	2	63	-13	27	-19	cell = 264 to 271
51	-3	40	-2	16	-17	55	-52	cell = 272 to 279
59	-13	54	0	72	-10	17	14	cell = 280 to 287
46	-23	77	2	68	-9	54	30	cell = 288 to 295
57	17	22	-44	56	10	60	-22	cell = 296 to 303
42	-32	86	37	46	6	81	-13	cell = 304 to 311
45	-13	31	17	21	-6	41	-30	cell = 312 to 319
75	-17	57	10	62	-3	69	12	cell = 320 to 327
6	-34	42	-9	69	-12	34	-10	cell = 328 to 335
70	-27	13	2	18	-55	21	-12	cell = 336 to 343
44	4	33	9	61	-13	90	-16	cell = 344 to 351
47	-8	52	7	38	-9	90	-15	cell = 352 to 359
75	-14	4	-21	52	22	52	-45	cell = 360 to 367
37	16	51	-7	49	-50	43	-21	cell = 368 to 375
52	10	25	-35	54	-14	22	-19	cell = 376 to 383
71	-12	71	-22	11	-21	50	-31	cell = 384 to 391
9	-35	50	-3	23	2	73	7	cell = 392 to 399
-4	-14	19	-22	89	1	53	11	cell = 400 to 407
60	-14	23	5	52	-21	26	2	cell = 408 to 415
18	-13	66	15	20	-43	70	11	cell = 416 to 423
77	6	28	4	44	-3	69	10	cell = 424 to 431
41	18	5	-16	61	10	39	-4	cell = 432 to 439
63	0	64	-13	33	18	9	-16	cell = 440 to 447
43	-35	37	-27	47	-11	3	7	cell = 448 to 455
31	3	20	25	25	35	18	-42	cell = 456 to 463
44	-14	55	-14	43	-25	76	10	cell = 464 to 471
54	-12	33	-13	36	8	56	13	cell = 472 to 479
12	-16	29	39	73	3	22	-9	cell = 480 to 487
40	7	63	10	24	14	34	14	cell = 488 to 495
69	-6	-28	-12	-57	-83	-45	-101	cell = 496 to 503
75	-17	10	-30	23	-20	55	5	cell = 504 to 511
5	-51	5	-11	-32	12	-68	-20	cell = 512 to 519
-41	-42	0	-27	-42	-12	1	-1	cell = 520 to 527
4	-9	-28	-36	34	-21	-32	-31	cell = 528 to 535
-18	-23	-19	-53	-35	-42	20	-40	cell = 536 to 543
-34	16	-11	7	-9	-53	-14	-27	cell = 544 to 551
-25	-8	17	4	-15	-16	5	9	cell = 552 to 559
-40	-8	-20	-30	-8	18	-62	-50	cell = 560 to 567
12	-18	-40	-3	-23	-35	-6	-17	cell = 568 to 575
-35	-29	21	-35	-5	-29	-18	-38	cell = 576 to 583
-15	-19	4	-21	-5	-24	-2	-47	cell = 584 to 591
-28	-31	-16	15	-13	-31	0	-11	cell = 592 to 599
1	-14	23	-21	4	-43	-12	-36	cell = 600 to 607
-11	-32	-59	-3	-23	-17	-29	-30	cell = 608 to 615
-20	-38	-13	0	-17	-24	-16	17	cell = 616 to 623
-38	7	-18	5	10	-11	3	-8	cell = 624 to 631
-8	-23	-44	17	-8	-48	-30	-31	cell = 632 to 639
-22	-22	-46	-15	-59	-9	-66	-5	cell = 640 to 647
-64	-56	-17	-12	27	10	-18	-5	cell = 648 to 655
-6	11	-8	-11	2	-46	-13	12	cell = 656 to 663
-2	-44	7	-4	-28	7	-26	-5	cell = 664 to 671
-14	-9	9	0	-14	8	0	-29	cell = 672 to 679
12	-10	-4	-39	0	-17	3	4	cell = 680 to 687
-10	-3	-25	-6	48	-26	-8	15	cell = 688 to 695
-25	19	-22	-26	0	-27	-27	15	cell = 696 to 703
-26	-50	-11	-17	-43	-19	6	-3	cell = 704 to 711
-30	-14	-4	11	-61	-38	-5	2	cell = 712 to 719
28	25	-8	-55	-27	26	-15	-17	cell = 720 to 727
-7	-46	17	-12	-66	-60	-22	1	cell = 728 to 735
-39	-25	-5	1	-48	-62	-35	-32	cell = 736 to 743
3	-34	2	4	-9	35	53	-12	cell = 744 to 751
-18	-39	0	-5	-5	-29	21	-56	cell = 752 to 759
-17	-3	0	5	-25	33	-5	-51	cell = 760 to 767
-45	-27	-35	-14	-8	-23	-38	-51	cell = 768 to 775
13	13	-28	-26	-20	-10	-27	-22	cell = 776 to 783
-27	-41	-9	-15	-30	-2	-66	-24	cell = 784 to 791
-24	-56	-14	-26	1	-20	0	-9	cell = 792 to 799
4	-22	-15	-35	-26	0	24	18	cell = 800 to 807
-16	-20	9	-36	-11	-19	13	-34	cell = 808 to 815
21	-28	-8	-24	-16	-40	-58	10	cell = 816 to 823
-27	-16	-36	-12	-21	-4	-17	-31	cell = 824 to 831
-14	-50	15	-21	-34	1	-46	-27	cell = 832 to 839
-25	-42	-4	-11	-7	-20	-54	0	cell = 840 to 847
-32	-36	-4	4	-36	-15	9	-58	cell = 848 to 855
-22	-6	-27	9	-10	-25	1	-25	cell = 856 to 863
-21	-21	-11	6	-39	-3	-10	-33	cell = 864 to 871
-18	-9	13	-14	-39	5	-17	-2	cell = 872 to 879
-25	-9	-12	-38	-40	-27	-22	-33	cell = 880 to 887
-13	-25	-40	-4	0	-19	15	-25	cell = 888 to 895
-20	-4	-52	-8	-16	-18	1	-9	cell = 896 to 903
-9	-26	-28	-20	-18	-20	-34	6	cell = 904 to 911
-31	-14	-45	-8	-10	2	1	-30	cell = 912 to 919
-8	44	-14	14	-1	-56	-2	-44	cell = 920 to 927
0	12	-54	-18	-6	-18	19	-5	cell = 928 to 935
10	-21	-42	-38	-29	-29	-16	-17	cell = 936 to 943
-2	-26	22	-22	4	-9	-5	-6	cell = 944 to 951
-18	-40	-48	-25	14	-23	-8	-34	cell = 952 to 959
4	-48	-14	-2	-11	-38	-47	-21	cell = 960 to 967
4	-43	-16	-2	25	-21	-19	-59	cell = 968 to 975
-28	-5	-18	-45	-18	7	23	-31	cell = 976 to 983
-17	-15	-28	-22	-25	-20	-33	-28	cell = 984 to 991
-30	-51	1	27	-16	-10	-5	-22	cell = 992 to 999
-11	-13	-31	-8	-15	-36	-14	-15	cell = 1000 to 1007
5	-35	-68	-6	-22	-40	-40	11	cell = 1008 to 1015
-34	-33	18	-41	-6	-49	-32	-33	cell = 1016 to 1023
Calibration values from cell 0 to 1024 for channel 6:

83	-17	61	-9	44	-22	40	-20	cell = 0 to 7
31	-17	38	22	82	12	33	-11	cell = 8 to 15
79	-5	44	-24	57	-7	21	-47	cell = 16 to 23
61	-12	35	27	29	-14	20	-18	cell = 24 to 31
16	-18	35	-14	66	25	27	-16	cell = 32 to 39
75	19	45	-15	66	25	60	-59	cell = 40 to 47
73	-13	47	-56	38	-72	40	-36	cell = 48 to 55
47	-12	33	-13	78	-38	41	-9	cell = 56 to 63
38	-42	30	-12	33	12	93	2	cell = 64 to 71
30	-15	44	-42	41	-4	41	-5	cell = 72 to 79
51	-12	22	1	47	-14	29	-5	cell = 80 to 87
35	0	34	-10	22	3	50	-28	cell = 88 to 95
39	9	18	-11	48	-36	61	16	cell = 96 to 103
50	-11	49	13	67	-34	38	-23	cell = 104 to 111
49	33	28	-1	17	-17	33	-7	cell = 112 to 119
61	-25	21	-38	58	0	0	-20	cell = 120 to 127
57	-19	31	-8	80	-26	47	-31	cell = 128 to 135
40	16	77	-9	99	-26	84	-5	cell = 136 to 143
26	-7	54	9	40	-8	36	-8	cell = 144 to 151
80	-16	14	-25	52	9	42	-4	cell = 152 to 159
66	-32	27	-5	48	11	24	-42	cell = 160 to 167
11	16	53	-13	27	15	48	30	cell = 168 to 175
8	-13	70	7	61	-18	62	39	cell = 176 to 183
15	12	37	-11	26	-4	69	-3	cell = 184 to 191
19	-16	47	-20	70	-22	50	-24	cell = 192 to 199
22	-11	1	-18	78	11	54	-17	cell = 200 to 207
35	-11	80	20	65	-21	28	-1	cell = 208 to 215
43	-24	41	-33	45	1	65	14	cell = 216 to 223
57	-3	36	-19	25	23	52	-43	cell = 224 to 231
38	8	69	5	18	-32	28	-28	cell = 232 to 239
69	-71	13	8	51	10	48	26	cell = 240 to 247
85	9	54	-9	18	-45	66	-14	cell = 248 to 255
28	-25	44	23	17	-46	20	6	cell = 256 to 263
65	8	-15	-29	45	-8	27	-31	cell = 264 to 271
54	-15	56	13	58	13	14	34	cell = 272 to 279
52	-6	63	-15	33	11	49	-15	cell = 280 to 287
19	-16	26	-7	34	-8	65	0	cell = 288 to 295
46	9	14	-22	19	-15	54	16	cell = 296 to 303
40	0	28	19	20	-30	88	-48	cell = 304 to 311
34	7	46	-20	35	-19	51	9	cell = 312 to 319
30	-30	69	7	52	-6	36	0	cell = 320 to 327
25	-15	51	-30	54	-5	66	-27	cell = 328 to 335
42	-19	24	-23	80	22	58	-21	cell = 336 to 343
27	-10	78	-18	66	-9	47	-12	cell = 344 to 351
66	-7	63	-7	104	11	23	0	cell = 352 to 359
72	14	68	6	48	-36	26	-23	cell = 360 to 367
77	-15	29	6	67	-15	41	-16	cell = 368 to 375
25	-5	57	-39	20	15	49	-5	cell = 376 to 383
66	-16	3	1	43	-20	56	7	cell = 384 to 391
59	-19	58	-16	42	-17	35	-38	cell = 392 to 399
46	-24	41	-13	59	-25	39	8	cell = 400 to 407
28	-12	63	-5	67	6	58	12	cell = 408 to 415
0	9	0	-37	37	-3	52	-21	cell = 416 to 423
105	-8	60	25	53	-10	17	5	cell = 424 to 431
52	11	29	22	22	1	23	-13	cell = 432 to 439
23	-10	32	-14	27	-18	28	3	cell = 440 to 447
77	-31	42	-55	45	-4	39	26	cell = 448 to 455
45	-38	29	12	41	-19	44	0	cell = 456 to 463
44	-5	57	-22	34	-12	35	-7	cell = 464 to 471
23	6	62	-50	37	-11	41	15	cell = 472 to 479
50	-10	47	-8	63	-23	78	-60	cell = 480 to 487
31	6	65	-22	18	2	94	20	cell = 488 to 495
56	-17	-34	-53	-28	-92	-34	-43	cell = 496 to 503
58	-17	29	19	74	-70	45	-37	cell = 504 to 511
7	10	-42	-31	-20	-39	43	-18	cell = 512 to 519
-18	-26	-25	-19	-1	-2	31	-18	cell = 520 to 527
-51	11	-5	-16	-17	-33	-21	7	cell = 528 to 535
20	21	2	-30	-65	-19	-49	4	cell = 536 to 543
-51	-25	-34	-9	-26	-4	-2	-13	cell = 544 to 551
-39	-28	-22	-42	26	-1	6	25	cell = 552 to 559
-54	11	-42	-20	-5	-30	-56	-41	cell = 560 to 567
-49	-29	-33	-28	-31	-39	-11	-25	cell = 568 to 575
-14	-40	-24	-20	-17	6	-30	10	cell = 576 to 583
-20	-37	-22	-15	-2	-23	-7	-14	cell = 584 to 591
-42	-20	1	-24	30	-70	-25	-30	cell = 592 to 599
32	0	45	-17	-32	6	2	-14	cell = 600 to 607
2	-31	7	-34	1	3	-16	-35	cell = 608 to 615
-40	-33	-8	-9	0	-30	-36	-18	cell = 616 to 623
-2	14	-52	-32	-40	-22	-30	-31	cell = 624 to 631
-52	-43	2	-58	-41	-40	4	-35	cell = 632 to 639
-27	-4	4	-18	-35	-3	-10	7	cell = 640 to 647
-1	-17	-39	-25	-28	-6	10	-25	cell = 648 to 655
-20	-26	-20	-39	7	-7	-21	-44	cell = 656 to 663
-9	9	-19	-3	-24	-33	8	-23	cell = 664 to 671
-28	-18	-14	12	-56	-29	11	-17	cell = 672 to 679
-10	-36	40	-53	-47	-38	-13	-29	cell = 680 to 687
-8	4	-31	-15	12	-20	-25	-1	cell = 688 to 695
-9	-35	8	-50	-28	-39	7	-30	cell = 696 to 703
3	-4	-21	-28	-54	13	-17	-47	cell = 704 to 711
-22	-13	-34	-40	-3	-45	20	-50	cell = 712 to 719
-32	-21	-27	-28	-12	-16	-25	6	cell = 720 to 727
19	-51	24	4	-10	-49	39	-15	cell = 728 to 735
-24	-33	-4	-33	-38	-19	-27	-11	cell = 736 to 743
16	1	-17	9	-23	-3	-21	7	cell = 744 to 751
13	-46	-4	-22	-24	-32	-7	-10	cell = 752 to 759
11	-1	-20	-36	-21	-15	-35	-27	cell = 760 to 767
11	-41	-36	-10	28	-36	11	-73	cell = 768 to 775
-15	-12	-15	-33	-23	-67	-15	2	cell = 776 to 783
-15	1	7	-18	-4	-26	-24	-48	cell = 784 to 791
-22	-14	-7	-21	-25	10	-22	9	cell = 792 to 799
-7	29	3	-49	-5	-44	-10	11	cell = 800 to 807
-17	36	-3	-8	-29	-7	24	-8	cell = 808 to 815
-30	-1	-16	-25	-33	-12	-23	15	cell = 816 to 823
-34	7	29	29	-17	-52	-46	-23	cell = 824 to 831
-44	-16	-6	13	-27	-41	7	-7	cell = 832 to 839
23	-26	-19	0	-14	-49	-41	-41	cell = 840 to 847
-14	-7	-40	-2	-2	4	-2	8	cell = 848 to 855
9	10	-1	-44	-35	-40	2	18	cell = 856 to 863
-13	-56	-21	-36	-13	-1	-56	-22	cell = 864 to 871
-33	-15	-22	-69	-48	13	-31	-3	cell = 872 to 879
-10	-19	-6	-41	7	-38	-19	-9	cell = 880 to 887
-40	-30	28	-37	-61	-6	2	-2	cell = 888 to 895
-44	-8	16	-12	-17	1	-32	-2	cell = 896 to 903
-16	-20	-13	-38	-25	-14	-19	-31	cell = 904 to 911
-48	15	-28	-17	-5	-22	-16	-9	cell = 912 to 919
4	-13	-43	11	-27	-24	-37	-34	cell = 920 to 927
-26	-27	-25	-55	-45	-36	-34	-41	cell = 928 to 935
-1	-18	-15	-6	14	30	-27	23	cell = 936 to 943
-24	-14	37	6	-8	38	-16	-35	cell = 944 to 951
-20	-13	-40	-10	-26	-18	-5	-14	cell = 952 to 959
-41	19	-16	-21	-16	-37	-25	-35	cell = 960 to 967
-12	-13	-53	-29	32	-20	5	-39	cell = 968 to 975
-12	5	3	1	20	-45	-35	2	cell = 976 to 983
-43	-23	-53	-9	-40	-24	25	-35	cell = 984 to 991
-35	11	-11	-21	-33	-19	-26	-46	cell = 992 to 999
8	-34	-8	4	4	7	-8	-33	cell = 1000 to 1007
2	-36	-26	-31	3	-28	-9	-67	cell = 1008 to 1015
-39	7	-41	4	-64	-10	8	-35	cell = 1016 to 1023
Calibration values from cell 0 to 1024 for channel 7:

40	1	27	-21	12	-17	42	-9	cell = 0 to 7
69	-45	44	-7	44	-43	36	-7	cell = 8 to 15
60	-10	25	-1	13	36	56	17	cell = 16 to 23
36	-11	34	-42	84	-4	54	34	cell = 24 to 31
-6	36	51	8	72	-60	48	28	cell = 32 to 39
56	-23	58	23	38	-29	38	-16	cell = 40 to 47
41	-13	70	14	37	12	28	-23	cell = 48 to 55
28	-38	36	-19	33	7	24	-23	cell = 56 to 63
59	-47	39	30	46	-21	32	15	cell = 64 to 71
56	-13	30	-31	25	-15	44	-31	cell = 72 to 79
60	-23	48	-31	53	-20	70	-39	cell = 80 to 87
22	-41	34	-46	16	-32	35	-18	cell = 88 to 95
6	2	33	-20	54	2	0	-25	cell = 96 to 103
66	5	41	-29	52	-38	50	-29	cell = 104 to 111
56	4	60	14	20	-6	43	-59	cell = 112 to 119
72	25	53	-13	42	-25	31	-49	cell = 120 to 127
10	1	70	7	77	6	30	12	cell = 128 to 135
55	-9	40	9	41	14	38	-4	cell = 136 to 143
46	-5	42	21	52	10	24	-13	cell = 144 to 151
24	-33	55	-15	57	-14	46	5	cell = 152 to 159
57	-3	15	-6	32	-21	51	-22	cell = 160 to 167
67	-30	27	-35	58	-33	58	-42	cell = 168 to 175
27	9	20	-30	35	1	39	16	cell = 176 to 183
30	16	43	22	40	9	27	-15	cell = 184 to 191
41	-35	13	-10	13	0	49	-22	cell = 192 to 199
83	-6	96	1	44	-6	80	-30	cell = 200 to 207
52	-40	24	-48	59	50	37	-32	cell = 208 to 215
21	26	98	-42	61	-7	63	20	cell = 216 to 223
43	35	52	-9	22	20	6	18	cell = 224 to 231
72	25	61	-27	54	12	50	0	cell = 232 to 239
25	19	44	20	76	-41	28	-37	cell = 240 to 247
91	-26	22	0	46	-6	17	-21	cell = 248 to 255
56	-1	40	-21	54	-30	43	0	cell = 256 to 263
70	-10	44	8	25	3	77	-20	cell = 264 to 271
38	-24	58	-25	73	-15	49	1	cell = 272 to 279
72	10	67	-6	21	-6	30	13	cell = 280 to 287
56	-6	24	-30	49	-24	65	25	cell = 288 to 295
0	-24	72	3	48	18	71	-36	cell = 296 to 303
58	-33	34	-7	67	16	55	-2	cell = 304 to 311
22	15	56	7	73	-20	32	-19	cell = 312 to 319
43	-27	11	-34	48	-7	33	-43	cell = 320 to 327
33	-21	43	22	40	-4	45	-10	cell = 328 to 335
51	-27	68	-3	57	2	68	19	cell = 336 to 343
6	24	58	-22	29	-23	24	-16	cell = 344 to 351
27	-12	83	1	55	-24	73	-2	cell = 352 to 359
36	-6	47	18	65	28	32	-38	cell = 360 to 367
49	27	61	-12	49	42	66	19	cell = 368 to 375
70	-31	26	4	44	-11	20	-22	cell = 376 to 383
40	-24	81	-33	20	37	28	-21	cell = 384 to 391
70	5	43	-1	73	21	38	-9	cell = 392 to 399
54	11	52	-18	37	-3	19	-5	cell = 400 to 407
19	-12	51	-15	83	-7	68	-11	cell = 408 to 415
50	21	108	-44	28	-30	32	-7	cell = 416 to 423
50	-7	76	18	62	-45	43	-26	cell = 424 to 431
56	-20	38	18	61	-20	61	-9	cell = 432 to 439
46	6	27	-40	57	-24	13	10	cell = 440 to 447
41	-28	63	15	37	-13	93	8	cell = 448 to 455
18	12	34	-25	41	-11	44	5	cell = 456 to 463
44	-25	36	-34	65	-17	29	5	cell = 464 to 471
67	-18	40	-22	37	-23	28	-23	cell = 472 to 479
9	15	57	-7	34	-30	40	-35	cell = 480 to 487
42	4	29	-49	76	20	54	12	cell = 488 to 495
27	-12	-48	-81	-52	-90	-66	-63	cell = 496 to 503
39	-24	59	23	52	-12	52	-1	cell = 504 to 511
-15	-21	6	-40	2	1	-35	5	cell = 512 to 519
2	29	19	-25	-19	-54	-22	-35	cell = 520 to 527
-15	-7	-18	-29	-7	-16	12	-31	cell = 528 to 535
-38	-20	-12	-26	-34	-33	0	-27	cell = 536 to 543
27	-18	-11	-29	-24	-24	-32	9	cell = 544 to 551
-4	-26	-6	-3	-31	-34	-28	-8	cell = 552 to 559
-31	-13	-24	3	-10	-22	20	-9	cell = 560 to 567
-21	0	-26	-46	-36	12	-30	-13	cell = 568 to 575
-10	-31	1	-36	-27	0	-9	-20	cell = 576 to 583
26	3	5	-12	-36	-80	-19	-52	cell = 584 to 591
-7	-82	36	-13	-32	-51	-10	-2	cell = 592 to 599
8	15	8	-20	-39	-11	-17	-5	cell = 600 to 607
-41	-33	-7	-46	-16	-4	-35	-37	cell = 608 to 615
-39	-20	-10	-24	-40	-37	-8	-39	cell = 616 to 623
7	-39	-18	-24	22	-3	-24	-8	cell = 624 to 631
8	32	-25	-40	-32	-70	-32	-3	cell = 632 to 639
-28	1	-7	-46	-25	-67	-58	-20	cell = 640 to 647
-16	-8	-6	-21	-28	-51	-57	-35	cell = 648 to 655
31	-31	32	-50	-23	-46	7	-48	cell = 656 to 663
-16	2	-27	-28	-25	-44	-14	23	cell = 664 to 671
26	-17	-1	-9	0	-12	-23	-13	cell = 672 to 679
-1	-27	-53	4	15	-54	-16	19	cell = 680 to 687
17	-33	16	16	-54	-36	-6	-28	cell = 688 to 695
14	-19	-16	-28	6	-9	-22	-53	cell = 696 to 703
-3	-10	-20	-12	-38	-10	-17	-47	cell = 704 to 711
-8	-3	-16	-14	17	-33	21	10	cell = 712 to 719
-19	-3	21	-10	-3	0	0	-24	cell = 720 to 727
-53	-37	-13	-16	-19	5	-18	-8	cell = 728 to 735
-27	-22	-22	-32	-12	-35	-9	-18	cell = 736 to 743
-32	10	-13	11	-13	8	-22	-13	cell = 744 to 751
-25	-4	-2	10	-11	-29	-10	-11	cell = 752 to 759
-7	23	-6	-20	-16	-67	-16	-25	cell = 760 to 767
-24	-28	-6	0	-13	-4	-13	11	cell = 768 to 775
-29	-36	-19	-8	-25	-37	-31	-33	cell = 776 to 783
3	-5	-30	2	15	27	-29	8	cell = 784 to 791
-18	19	-23	8	-15	-18	-37	-30	cell = 792 to 799
-23	1	-30	-41	-2	35	4	-36	cell = 800 to 807
18	-43	-32	-12	-15	10	-11	-36	cell = 808 to 815
20	-24	9	-26	34	-36	1	-9	cell = 816 to 823
-11	0	-23	-25	-72	12	-12	-53	cell = 824 to 831
-29	-31	21	-17	-63	-3	15	-19	cell = 832 to 839
-2	-25	23	19	-2	14	-27	-26	cell = 840 to 847
1	-26	-53	-5	2	-46	12	27	cell = 848 to 855
-4	-46	-24	0	-16	-17	-12	-12	cell = 856 to 863
-4	-10	-59	-46	8	-24	12	-31	cell = 864 to 871
-7	5	-10	28	-30	-18	12	-40	cell = 872 to 879
-23	-22	-26	-36	-44	-6	-50	-28	cell = 880 to 887
-34	-27	-21	-42	-41	-39	-3	-60	cell = 888 to 895
26	-79	5	-15	5	9	-30	-25	cell = 896 to 903
-14	-12	-41	-12	0	-7	-17	-42	cell = 904 to 911
-12	9	1	-17	9	-12	-17	-33	cell = 912 to 919
-16	-10	-17	-18	-51	11	-12	-13	cell = 920 to 927
7	-33	-66	-29	-29	-23	-22	-29	cell = 928 to 935
-63	-37	-35	-3	2	-48	-51	16	cell = 936 to 943
22	-30	-29	-45	-41	-32	-44	-17	cell = 944 to 951
-42	-37	-58	-31	-23	-28	19	-39	cell = 952 to 959
3	-52	-5	-37	6	6	-36	-39	cell = 960 to 967
-43	-38	-30	-35	-21	-33	-30	-13	cell = 968 to 975
18	-11	0	24	-25	-36	0	-61	cell = 976 to 983
-39	-15	-5	-36	-31	-15	-39	-4	cell = 984 to 991
-37	-37	-37	-11	-19	24	-31	-28	cell = 992 to 999
-19	5	17	-31	13	-16	-25	-35	cell = 1000 to 1007
-14	-25	-21	-59	-16	-63	-30	-24	cell = 1008 to 1015
-30	5	-17	-25	-66	4	-20	-33	cell = 1016 to 1023
Calibration values from cell 0 to 1024 for channel 8:

34	-20	-2	-4	25	0	34	-2	cell = 0 to 7
58	-45	50	-7	60	-30	65	12	cell = 8 to 15
38	-5	36	-50	45	-13	-9	4	cell = 16 to 23
66	-33	55	-14	46	-14	41	-23	cell = 24 to 31
-22	-17	30	30	24	-23	64	7	cell = 32 to 39
-9	-4	24	-29	66	1	27	2	cell = 40 to 47
39	-15	25	-7	42	-25	76	-32	cell = 48 to 55
45	-43	26	16	23	3	57	7	cell = 56 to 63
52	0	47	-37	14	-3	59	8	cell = 64 to 71
72	-22	20	-2	84	-6	69	-50	cell = 72 to 79
50	-26	46	-12	60	-4	16	-27	cell = 80 to 87
50	-61	43	1	46	35	-14	10	cell = 88 to 95
72	4	84	-30	85	-34	56	-4	cell = 96 to 103
36	-32	14	4	69	-31	43	-35	cell = 104 to 111
38	-37	30	13	33	-2	23	28	cell = 112 to 119
36	-2	52	-35	47	9	31	-2	cell = 120 to 127
35	-7	68	-48	-10	25	48	26	cell = 128 to 135
51	-2	45	8	49	-18	65	49	cell = 136 to 143
17	-2	55	26	61	57	76	-32	cell = 144 to 151
61	-28	28	-45	52	-14	54	-18	cell = 152 to 159
31	-6	14	-35	67	-28	45	16	cell = 160 to 167
29	-14	35	11	79	-21	39	39	cell = 168 to 175
65	-16	51	2	33	-22	54	-9	cell = 176 to 183
65	-18	80	3	27	2	69	-5	cell = 184 to 191
49	-2	44	-34	38	31	41	21	cell = 192 to 199
24	-4	39	11	14	-47	47	14	cell = 200 to 207
53	-31	53	-10	64	29	35	29	cell = 208 to 215
17	-17	41	7	55	-14	90	-17	cell = 216 to 223
45	-24	89	-13	40	-47	63	-36	cell = 224 to 231
38	-20	32	-39	40	11	34	17	cell = 232 to 239
20	16	44	4	11	-6	34	-10	cell = 240 to 247
27	26	31	45	11	20	35	-16	cell = 248 to 255
29	5	49	13	20	1	40	0	cell = 256 to 263
31	-17	80	-29	-6	16	-2	-44	cell = 264 to 271
42	1	34	-12	67	-22	48	18	cell = 272 to 279
43	-4	36	19	36	1	13	-41	cell = 280 to 287
79	11	22	34	34	14	-7	-1	cell = 288 to 295
28	9	32	25	47	-30	49	34	cell = 296 to 303
52	7	28	14	53	-38	-6	5	cell = 304 to 311
12	16	56	15	76	28	41	19	cell = 312 to 319
67	16	3	9	50	9	49	-22	cell = 320 to 327
34	22	34	4	49	-6	51	11	cell = 328 to 335
73	18	15	5	61	-29	34	-24	cell = 336 to 343
21	26	33	-24	24	12	38	1	cell = 344 to 351
40	-7	47	-14	48	-4	82	-39	cell = 352 to 359
21	14	63	11	22	17	62	35	cell = 360 to 367
30	-1	37	20	58	-4	66	-24	cell = 368 to 375
84	-1	46	1	44	-19	93	-39	cell = 376 to 383
56	1	29	49	66	-14	32	-12	cell = 384 to 391
18	20	42	-24	40	-7	68	-6	cell = 392 to 399
56	-11	58	21	50	38	33	3	cell = 400 to 407
45	-11	59	-5	57	-5	41	5	cell = 408 to 415
60	-10	41	-21	46	-24	59	0	cell = 416 to 423
58	-10	70	-13	80	48	72	-10	cell = 424 to 431
47	0	65	25	66	-38	33	14	cell = 432 to 439
70	36	68	-41	56	-31	4	19	cell = 440 to 447
65	-15	56	5	41	-13	53	-19	cell = 448 to 455
32	-24	63	-9	6	16	54	18	cell = 456 to 463
19	-33	31	-19	28	-5	37	-25	cell = 464 to 471
39	7	20	8	26	10	54	-19	cell = 472 to 479
28	-21	57	-12	58	-34	36	-2	cell = 480 to 487
73	10	33	0	46	34	44	19	cell = 488 to 495
47	1	-26	-101	-47	-98	-38	-60	cell = 496 to 503
54	5	27	-35	56	-25	49	-10	cell = 504 to 511
-18	-12	-29	-51	-1	-30	-48	-45	cell = 512 to 519
-27	-4	-14	11	-26	4	0	-15	cell = 520 to 527
-36	-48	-36	-27	-46	23	-43	-20	cell = 528 to 535
-15	14	-27	-56	-28	-10	-28	-21	cell = 536 to 543
-64	0	-14	-6	8	-39	-31	27	cell = 544 to 551
-28	-11	-13	-16	-45	-4	-27	-35	cell = 552 to 559
-2	-29	-10	-21	0	-9	-6	-32	cell = 560 to 567
-27	-18	-32	22	-15	-22	-28	-41	cell = 568 to 575
-11	-23	-30	-35	1	-4	16	-43	cell = 576 to 583
-53	-48	-11	-6	-60	-20	3	-15	cell = 584 to 591
-4	-32	-24	-52	-25	-4	-7	-49	cell = 592 to 599
16	1	-60	-16	-8	9	0	-6	cell = 600 to 607
-41	-16	-43	-7	34	-46	10	-29	cell = 608 to 615
-2	-13	10	-8	-19	-9	-23	10	cell = 616 to 623
-26	-33	-19	-46	-52	14	-1	-2	cell = 624 to 631
-1	-59	-19	-62	-30	-21	-13	-16	cell = 632 to 639
-2	13	-17	12	-42	-12	-24	-38	cell = 640 to 647
-9	-50	-20	-9	-2	-42	-14	-32	cell = 648 to 655
7	-37	17	-13	6	-26	-8	-50	cell = 656 to 663
-48	-28	-6	-13	-25	9	-46	-54	cell = 664 to 671
-2	-34	-3	-63	-17	-55	12	-19	cell = 672 to 679
-49	20	-20	-10	-23	0	28	-43	cell = 680 to 687
-9	-8	-34	-35	-29	40	-15	-48	cell = 688 to 695
2	-22	8	9	-4	-29	9	-30	cell = 696 to 703
-24	-18	-4	-39	10	-47	-39	-21	cell = 704 to 711
-54	-13	-6	-10	-56	26	-12	19	cell = 712 to 719
-21	56	-20	-10	-22	-16	-42	-12	cell = 720 to 727
6	8	-12	-35	-14	-21	-31	-4	cell = 728 to 735
-48	22	18	-34	-8	-16	-10	-10	cell = 736 to 743
14	-26	-54	-12	-1	3	-41	-36	cell = 744 to 751
4	26	-21	8	-42	-5	-17	-23	cell = 752 to 759
-7	-19	-2	0	-33	13	-64	-15	cell = 760 to 767
-27	-11	18	-38	-9	-34	-2	-17	cell = 768 to 775
-40	12	-34	-4	-21	-12	-11	-33	cell = 776 to 783
4	-4	-28	-50	-14	25	-17	4	cell = 784 to 791
-43	-33	-9	-31	-25	-45	-48	-21	cell = 792 to 799
-20	-24	-58	-16	-28	-2	-31	-25	cell = 800 to 807
-28	48	-42	-39	-22	9	-10	-15	cell = 808 to 815
-19	4	-18	-30	-4	6	-14	-16	cell = 816 to 823
-13	-28	-17	-6	-11	-36	14	-13	cell = 824 to 831
13	-17	-37	-22	-23	-7	-43	-35	cell = 832 to 839
-29	-9	-41	-45	-36	-10	-11	-38	cell = 840 to 847
-18	24	-31	-10	-8	-26	-76	-24	cell = 848 to 855
-28	-24	-2	-10	-35	-25	-57	-6	cell = 856 to 863
-24	-13	-26	-28	-35	-10	-7	-10	cell = 864 to 871
-28	-35	3	-6	-26	4	-21	-15	cell = 872 to 879
-20	-32	-19	-23	-79	6	-34	-40	cell = 880 to 887
-5	-49	4	-12	-39	16	21	2	cell = 888 to 895
-22	-46	-19	5	-30	-25	-13	-14	cell = 896 to 903
-49	-16	-22	-17	-41	-26	1	-4	cell = 904 to 911
15	-23	-19	-32	-31	3	-3	-61	cell = 912 to 919
-36	-35	-36	-7	34	19	-27	-6	cell = 920 to 927
11	0	-14	-56	-9	-50	-34	-2	cell = 928 to 935
-4	-26	2	-39	-24	22	-38	-41	cell = 936 to 943
-33	8	9	-39	-26	24	-13	-2	cell = 944 to 951
-10	-37	-46	3	-34	26	-18	-41	cell = 952 to 959
-37	-30	-24	-27	-16	-23	-28	-10	cell = 960 to 967
-20	-29	-18	-14	-28	-12	-44	-30	cell = 968 to 975
-13	6	-5	-33	-49	-41	-14	-37	cell = 976 to 983
-25	-26	-34	-9	-39	-27	-2	11	cell = 984 to 991
-31	-30	-14	-24	-15	-15	-36	-33	cell = 992 to 999
-49	-50	-27	-5	-42	3	-22	-26	cell = 1000 to 1007
-61	0	-61	-62	-14	-25	-2	1	cell = 1008 to 1015
9	7	-46	-29	-32	-20	-21	-23	cell = 1016 to 1023
