Calibration values from cell 0 to 1024 for channel 0:

14	37	19	-54	38	-26	77	2	cell = 0 to 7
25	-29	55	13	39	2	45	6	cell = 8 to 15
68	1	46	-10	39	0	62	-11	cell = 16 to 23
64	15	25	4	39	25	56	-16	cell = 24 to 31
19	-6	46	-30	13	-2	46	-14	cell = 32 to 39
49	18	15	-7	36	12	61	-43	cell = 40 to 47
78	-32	38	-28	61	-41	75	-10	cell = 48 to 55
50	6	9	19	38	-44	62	-9	cell = 56 to 63
64	-14	26	-7	48	21	63	8	cell = 64 to 71
87	-2	54	18	0	-21	70	8	cell = 72 to 79
88	-51	76	35	34	13	44	-23	cell = 80 to 87
41	-8	77	-22	29	-58	22	-18	cell = 88 to 95
29	-53	23	33	42	-16	14	-4	cell = 96 to 103
71	-29	38	-7	34	13	41	-34	cell = 104 to 111
44	28	64	-18	28	29	67	-15	cell = 112 to 119
37	-41	52	2	52	-22	20	-13	cell = 120 to 127
25	-17	37	35	50	-2	15	36	cell = 128 to 135
29	-14	101	34	32	8	2	-35	cell = 136 to 143
30	7	40	18	46	-14	-3	-31	cell = 144 to 151
45	15	39	-15	42	12	7	1	cell = 152 to 159
35	-8	51	-23	26	-11	26	-33	cell = 160 to 167
57	-37	42	22	57	-2	7	19	cell = 168 to 175
45	12	46	18	69	-9	11	16	cell = 176 to 183
38	-34	35	-4	8	-33	14	-23	cell = 184 to 191
25	-32	59	-20	32	12	18	-5	cell = 192 to 199
20	-10	62	-5	24	-16	44	-18	cell = 200 to 207
40	4	33	8	80	15	51	35	cell = 208 to 215
20	-8	21	27	32	-16	24	28	cell = 216 to 223
34	-26	43	29	39	16	42	11	cell = 224 to 231
29	-24	72	-11	59	-28	28	-51	cell = 232 to 239
-25	-8	67	-2	51	-4	27	1	cell = 240 to 247
66	-8	18	-32	57	7	5	-23	cell = 248 to 255
30	19	32	-18	6	-23	57	28	cell = 256 to 263
59	10	44	2	59	-40	40	-25	cell = 264 to 271
52	-8	67	-35	26	9	32	-19	cell = 272 to 279
54	24	15	7	63	28	56	1	cell = 280 to 287
63	14	20	-26	74	-37	10	24	cell = 288 to 295
64	2	57	11	20	31	64	-18	cell = 296 to 303
8	-18	29	-5	36	-27	72	7	cell = 304 to 311
25	-27	47	-34	38	41	50	-8	cell = 312 to 319
2	14	6	0	16	-5	21	4	cell = 320 to 327
44	-2	28	2	6	-13	33	17	cell = 328 to 335
61	-27	43	12	35	51	46	14	cell = 336 to 343
51	22	55	-2	61	14	26	29	cell = 344 to 351
37	14	67	-9	50	16	-5	43	cell = 352 to 359
20	10	13	5	50	-3	55	-18	cell = 360 to 367
29	-40	35	-4	79	-25	53	-3	cell = 368 to 375
26	28	64	-16	30	-4	22	3	cell = 376 to 383
39	12	58	-16	32	-34	86	-8	cell = 384 to 391
83	5	9	6	53	-24	46	-9	cell = 392 to 399
13	7	62	3	41	-49	38	-20	cell = 400 to 407
68	0	29	-47	116	-34	39	-6	cell = 408 to 415
65	-42	13	0	58	-36	46	12	cell = 416 to 423
31	-9	57	4	51	4	47	-8	cell = 424 to 431
6	24	44	9	49	-1	6	-13	cell = 432 to 439
38	16	43	-38	56	-40	41	-33	cell = 440 to 447
25	-16	20	22	36	1	31	22	cell = 448 to 455
47	14	-1	33	74	33	29	8	cell = 456 to 463
91	-3	16	15	33	-29	52	5	cell = 464 to 471
60	11	59	16	35	-11	43	39	cell = 472 to 479
51	-30	36	2	3	-29	68	21	cell = 480 to 487
37	-3	99	-36	69	-6	52	29	cell = 488 to 495
83	-38	-73	-69	-90	-65	-49	-76	cell = 496 to 503
70	-2	77	46	58	11	50	-8	cell = 504 to 511
-17	-4	-30	-54	21	-60	-38	-22	cell = 512 to 519
-34	-31	-37	-46	0	-4	-44	-3	cell = 520 to 527
-26	2	6	-3	3	-35	5	4	cell = 528 to 535
-25	-59	-35	-27	3	-34	-5	-24	cell = 536 to 543
-14	0	-20	-13	-24	-42	-14	-39	cell = 544 to 551
-11	-31	-36	-42	-15	-39	-34	1	cell = 552 to 559
-13	15	-10	-22	29	-27	-40	-7	cell = 560 to 567
-71	17	0	-31	4	-9	-13	-32	cell = 568 to 575
-71	-30	18	-42	-15	8	12	-21	cell = 576 to 583
-5	-3	-31	3	-16	-32	-13	-17	cell = 584 to 591
-15	-30	20	-12	30	20	-38	-3	cell = 592 to 599
21	-19	-21	-12	-34	-24	12	-26	cell = 600 to 607
-6	-24	-7	-46	-16	-45	-15	-16	cell = 608 to 615
-13	-29	-20	39	6	-9	-30	-7	cell = 616 to 623
15	-6	-51	-44	-11	-13	-6	0	cell = 624 to 631
0	-15	-2	-41	-54	0	-52	2	cell = 632 to 639
-62	-34	-3	-26	4	57	-21	-33	cell = 640 to 647
-46	-31	-42	-10	20	-44	-18	-27	cell = 648 to 655
-13	4	-50	20	3	-6	-4	4	cell = 656 to 663
-46	-32	-23	9	-22	-20	-8	21	cell = 664 to 671
-35	-24	12	0	-72	-22	-12	-9	cell = 672 to 679
-6	1	22	-23	23	-32	-36	-25	cell = 680 to 687
-24	11	-8	12	23	22	-29	-20	cell = 688 to 695
-22	1	19	-32	-12	-10	-69	7	cell = 696 to 703
10	-38	-38	-8	-49	-10	-22	-20	cell = 704 to 711
-48	3	-25	-11	-1	13	-26	-11	cell = 712 to 719
-19	14	-48	18	-19	-13	-35	-8	cell = 720 to 727
13	-4	-18	-18	-28	22	-39	-47	cell = 728 to 735
-34	-14	-35	2	-23	-2	-50	-17	cell = 736 to 743
-18	-16	-5	-39	-12	-32	15	-8	cell = 744 to 751
-37	8	-2	-31	3	-13	-35	-61	cell = 752 to 759
0	-48	-18	-30	14	-20	-41	-7	cell = 760 to 767
-31	-28	-22	-9	-22	-28	-38	-9	cell = 768 to 775
-12	-25	-20	-37	-35	3	-10	-48	cell = 776 to 783
-45	2	-25	-42	-24	-12	-18	0	cell = 784 to 791
-14	-11	23	14	-20	-7	-34	-27	cell = 792 to 799
12	-4	29	-45	-17	-23	-43	-33	cell = 800 to 807
-5	6	8	-34	-31	-13	6	32	cell = 808 to 815
3	4	19	-52	-1	-22	14	-50	cell = 816 to 823
-22	11	14	-21	-22	-49	-11	13	cell = 824 to 831
-23	-36	0	-80	19	1	9	-18	cell = 832 to 839
-43	-50	-34	-18	-25	-32	4	-36	cell = 840 to 847
-22	-2	-42	25	-60	-47	-24	-54	cell = 848 to 855
-17	44	-41	-29	-16	-40	3	-38	cell = 856 to 863
-18	-46	-9	-49	-33	-41	-35	16	cell = 864 to 871
-13	-33	-1	-9	-28	0	-35	-6	cell = 872 to 879
-7	25	-28	-48	-31	-19	-30	-28	cell = 880 to 887
12	-4	-49	-40	-45	-20	-25	-44	cell = 888 to 895
-16	-24	-4	-22	-62	-24	-9	-22	cell = 896 to 903
-44	-39	-3	-51	-20	-14	-42	-28	cell = 904 to 911
23	-5	-53	-12	-18	-21	-37	-6	cell = 912 to 919
-55	-21	5	8	-23	-30	-66	-3	cell = 920 to 927
5	-2	-14	-30	-30	-42	19	19	cell = 928 to 935
-35	-33	-16	-25	-32	-7	-12	-4	cell = 936 to 943
-22	-8	-28	-43	-37	-31	-25	-27	cell = 944 to 951
-48	12	-34	-36	17	-9	-4	-14	cell = 952 to 959
1	-14	-38	-43	-61	-15	-21	-37	cell = 960 to 967
-3	-1	-53	3	-24	6	-34	8	cell = 968 to 975
-6	-10	-14	-20	-42	-45	-17	-6	cell = 976 to 983
-29	-4	-6	-39	-21	-54	-4	-56	cell = 984 to 991
-25	-19	-3	-74	-6	19	-27	8	cell = 992 to 999
-56	7	0	-21	-20	-29	-40	2	cell = 1000 to 1007
-30	33	-41	-15	-55	4	-10	-36	cell = 1008 to 1015
-6	-11	-4	-66	-11	-23	-15	-39	cell = 1016 to 1023
Calibration values from cell 0 to 1024 for channel 1:

37	-25	39	-2	24	2	63	25	cell = 0 to 7
59	-37	70	-45	13	11	30	-33	cell = 8 to 15
51	-20	28	1	62	0	32	-1	cell = 16 to 23
66	-17	35	11	6	-40	47	-5	cell = 24 to 31
37	12	60	-18	12	-18	23	-15	cell = 32 to 39
44	13	18	-32	42	3	61	14	cell = 40 to 47
21	-33	38	6	57	-14	63	-38	cell = 48 to 55
43	0	35	-7	47	-29	32	-15	cell = 56 to 63
27	29	11	-29	34	24	41	-23	cell = 64 to 71
66	-4	44	-29	49	-34	39	18	cell = 72 to 79
28	-35	74	20	34	-13	31	-1	cell = 80 to 87
34	-52	-6	-21	26	-29	48	8	cell = 88 to 95
49	32	28	34	82	-6	27	12	cell = 96 to 103
22	-42	82	0	46	11	25	36	cell = 104 to 111
29	-10	41	-20	62	-51	61	-41	cell = 112 to 119
36	-3	48	-28	55	-2	19	3	cell = 120 to 127
25	5	8	26	45	-13	53	28	cell = 128 to 135
41	-6	21	-11	19	32	18	30	cell = 136 to 143
55	21	17	27	51	-21	47	-14	cell = 144 to 151
35	22	63	13	55	5	49	25	cell = 152 to 159
76	-17	66	-5	11	-36	41	-19	cell = 160 to 167
19	27	27	-27	73	-15	54	-17	cell = 168 to 175
78	1	45	-5	32	11	31	26	cell = 176 to 183
16	22	34	-38	65	-5	27	-37	cell = 184 to 191
52	-17	42	5	45	19	30	5	cell = 192 to 199
66	-15	8	-14	60	-11	34	2	cell = 200 to 207
41	-24	52	9	28	17	86	-19	cell = 208 to 215
66	-31	28	28	88	5	59	25	cell = 216 to 223
57	-2	31	-2	35	8	31	-21	cell = 224 to 231
11	36	53	-35	83	-4	31	-10	cell = 232 to 239
47	-23	-2	-19	34	-5	31	12	cell = 240 to 247
57	-18	54	-19	41	37	61	25	cell = 248 to 255
68	21	28	-48	32	-2	56	-16	cell = 256 to 263
47	-16	69	20	26	-42	78	-14	cell = 264 to 271
65	-20	57	17	50	43	38	-3	cell = 272 to 279
38	0	15	5	72	-11	36	26	cell = 280 to 287
74	-29	73	11	26	-43	79	33	cell = 288 to 295
54	-2	29	41	24	-19	61	-11	cell = 296 to 303
36	-2	62	-10	39	-15	44	0	cell = 304 to 311
29	-27	32	16	44	-13	80	0	cell = 312 to 319
57	-60	68	-37	81	-22	51	8	cell = 320 to 327
1	-7	58	-9	55	-19	38	-7	cell = 328 to 335
54	6	27	-42	61	5	42	-11	cell = 336 to 343
44	10	21	-13	78	-11	2	14	cell = 344 to 351
19	-12	24	1	56	-2	32	2	cell = 352 to 359
55	-25	61	-18	19	-39	-3	-8	cell = 360 to 367
26	-42	43	-12	43	1	22	20	cell = 368 to 375
36	-22	10	12	54	29	67	-5	cell = 376 to 383
32	8	42	-24	40	1	17	14	cell = 384 to 391
86	-12	55	-13	52	-6	55	-2	cell = 392 to 399
45	-17	37	0	55	-23	66	-19	cell = 400 to 407
70	1	32	-28	1	1	46	21	cell = 408 to 415
44	32	28	-24	29	9	-2	-22	cell = 416 to 423
47	-30	62	41	66	-14	45	-27	cell = 424 to 431
52	44	30	-21	42	-14	4	-38	cell = 432 to 439
58	-9	23	-28	72	-28	38	-22	cell = 440 to 447
51	6	38	-20	48	-54	6	-19	cell = 448 to 455
63	-31	36	-8	62	4	61	-18	cell = 456 to 463
33	-13	14	-10	36	10	52	-15	cell = 464 to 471
33	-22	10	19	65	-40	51	-2	cell = 472 to 479
56	17	26	-38	13	-61	41	-17	cell = 480 to 487
17	-15	25	-2	61	22	43	36	cell = 488 to 495
75	18	-56	-95	-44	-60	-62	-120	cell = 496 to 503
71	-12	38	0	36	-35	-11	-25	cell = 504 to 511
8	-12	-5	-21	-45	-31	-8	-33	cell = 512 to 519
-59	-36	-38	-40	-40	10	-22	3	cell = 520 to 527
15	13	-25	-2	4	-36	-11	15	cell = 528 to 535
17	-12	12	-15	-26	1	18	-41	cell = 536 to 543
-15	-2	-2	-15	-24	-54	-11	-19	cell = 544 to 551
-5	-38	-43	0	-30	-38	-3	-43	cell = 552 to 559
-32	-39	-10	-5	3	-33	-3	-17	cell = 560 to 567
-4	0	-20	-33	-24	15	-33	11	cell = 568 to 575
-36	-16	-49	-47	12	-10	-28	-22	cell = 576 to 583
17	-46	-12	-52	-11	-26	6	-5	cell = 584 to 591
-30	-24	-51	-10	-23	-15	-30	-18	cell = 592 to 599
-55	13	33	15	22	-7	-61	5	cell = 600 to 607
27	-49	-29	16	-12	-15	6	-27	cell = 608 to 615
-2	-24	-25	-26	-52	-12	22	0	cell = 616 to 623
-6	-8	-15	-18	-9	8	-2	7	cell = 624 to 631
-42	-19	-17	-1	-22	-41	-4	-21	cell = 632 to 639
-80	0	11	-27	-60	-10	-3	4	cell = 640 to 647
-17	-25	-5	-32	-18	-31	-32	-2	cell = 648 to 655
28	-19	-27	-3	-34	-27	-39	-20	cell = 656 to 663
-58	-19	-23	-3	-43	-31	-50	-39	cell = 664 to 671
-33	3	-41	-10	-31	-13	-57	3	cell = 672 to 679
-53	2	-22	-17	-38	-16	-22	-47	cell = 680 to 687
-20	0	-5	15	3	-29	-25	-4	cell = 688 to 695
-17	19	-17	-49	-4	13	-6	0	cell = 696 to 703
12	-32	-23	-15	1	-14	-16	-11	cell = 704 to 711
-28	-61	8	18	-51	8	5	-40	cell = 712 to 719
-17	-36	-41	-15	-36	-24	-56	-6	cell = 720 to 727
29	-6	-12	-21	1	8	-20	-22	cell = 728 to 735
-5	-33	-22	-18	-12	-18	-36	-41	cell = 736 to 743
-10	-27	-39	14	-12	-29	-2	-1	cell = 744 to 751
-32	-9	17	-42	-36	-43	-23	-27	cell = 752 to 759
-8	-15	24	-27	2	6	-23	-36	cell = 760 to 767
-21	-28	0	-19	6	-15	-39	-67	cell = 768 to 775
-17	-26	-22	-15	-14	26	-35	17	cell = 776 to 783
-12	12	-53	0	-27	32	-34	5	cell = 784 to 791
-41	-19	-20	19	-10	-41	-12	-17	cell = 792 to 799
-30	-44	-8	-11	-11	-4	-23	-11	cell = 800 to 807
-32	-33	-25	-20	-51	11	9	-50	cell = 808 to 815
-45	-17	21	-17	-40	-12	-35	-43	cell = 816 to 823
-33	1	-22	28	-45	21	3	-18	cell = 824 to 831
-35	-3	-25	-4	0	-22	9	-53	cell = 832 to 839
-45	35	-1	-32	-43	-31	7	-6	cell = 840 to 847
-46	22	-11	-19	6	5	-11	-50	cell = 848 to 855
0	5	18	-3	-2	11	-52	-38	cell = 856 to 863
22	7	-2	-43	4	-18	-1	12	cell = 864 to 871
-30	-6	-3	-7	-57	-2	-58	-19	cell = 872 to 879
-37	-46	-58	8	-65	-9	-4	0	cell = 880 to 887
4	-36	-4	-14	-56	-3	10	-30	cell = 888 to 895
-66	-29	-20	-47	-61	-39	-6	-28	cell = 896 to 903
22	-14	-17	-51	-22	6	-27	-13	cell = 904 to 911
27	13	-24	-17	-9	8	8	-16	cell = 912 to 919
-12	-14	-20	1	-39	-20	3	8	cell = 920 to 927
0	5	-29	-35	4	-30	-25	-40	cell = 928 to 935
-43	0	2	-29	2	6	-21	-15	cell = 936 to 943
-42	-9	-4	41	15	-42	31	-27	cell = 944 to 951
-14	-33	-46	-25	-19	-31	-12	23	cell = 952 to 959
-51	-37	-23	-50	-28	9	-11	-43	cell = 960 to 967
-23	2	-24	-43	-7	-11	3	-34	cell = 968 to 975
-36	21	6	-46	-68	-14	6	-49	cell = 976 to 983
-6	-6	-18	29	21	32	-24	-30	cell = 984 to 991
-20	-47	-34	12	-39	17	-7	-28	cell = 992 to 999
-23	-29	-36	-47	-20	4	-13	-25	cell = 1000 to 1007
-51	-13	-19	-5	-27	-38	-42	-63	cell = 1008 to 1015
-44	-16	-28	-29	-7	-11	-35	-36	cell = 1016 to 1023
Calibration values from cell 0 to 1024 for channel 2:

43	-11	68	-9	62	-43	55	2	cell = 0 to 7
36	-18	20	18	56	-18	22	5	cell = 8 to 15
7	-22	76	-2	107	-32	70	-10	cell = 16 to 23
33	-11	24	-15	18	-41	35	-45	cell = 24 to 31
66	-13	47	-11	29	-27	50	-38	cell = 32 to 39
42	3	56	9	52	-13	14	-21	cell = 40 to 47
54	-36	46	-31	13	-44	57	-4	cell = 48 to 55
36	-4	43	-23	64	-30	52	-22	cell = 56 to 63
26	-45	6	14	35	5	48	-3	cell = 64 to 71
60	9	77	38	98	-23	-4	-12	cell = 72 to 79
50	26	78	-23	25	9	21	-20	cell = 80 to 87
37	-58	22	10	69	-16	38	-71	cell = 88 to 95
76	-39	20	-2	25	26	28	-16	cell = 96 to 103
26	-30	78	-25	53	1	19	4	cell = 104 to 111
63	-6	47	8	54	11	92	-25	cell = 112 to 119
42	-5	50	-1	72	-18	53	22	cell = 120 to 127
9	-28	57	-10	24	-13	43	-8	cell = 128 to 135
24	7	25	-16	48	-28	56	-18	cell = 136 to 143
50	-25	38	1	59	-18	81	-37	cell = 144 to 151
31	3	56	-33	36	-8	53	7	cell = 152 to 159
60	15	62	-27	7	11	49	11	cell = 160 to 167
23	-24	46	-5	43	-27	21	-6	cell = 168 to 175
62	0	5	18	59	22	38	27	cell = 176 to 183
51	-30	44	32	52	-3	7	-20	cell = 184 to 191
25	-36	72	27	31	13	32	-12	cell = 192 to 199
64	-13	42	-37	59	-18	41	-18	cell = 200 to 207
56	-44	62	-2	44	32	14	-11	cell = 208 to 215
77	19	17	-32	45	-4	67	-31	cell = 216 to 223
26	-5	30	-29	53	0	78	-32	cell = 224 to 231
25	-10	55	18	10	1	13	-4	cell = 232 to 239
45	4	79	-30	55	33	18	21	cell = 240 to 247
87	7	45	-12	95	-10	47	-35	cell = 248 to 255
68	12	-14	1	40	-3	82	18	cell = 256 to 263
57	12	17	-5	35	-31	43	11	cell = 264 to 271
78	-15	35	-21	41	-23	56	-41	cell = 272 to 279
36	-13	36	-7	54	-14	11	-37	cell = 280 to 287
11	-10	37	-1	64	-33	22	10	cell = 288 to 295
80	-4	67	-25	34	-4	16	-41	cell = 296 to 303
54	-39	78	-3	42	4	-9	1	cell = 304 to 311
47	-4	67	-40	52	-9	20	-37	cell = 312 to 319
41	10	49	-28	60	-17	23	10	cell = 320 to 327
20	-13	53	20	86	-12	58	1	cell = 328 to 335
87	-23	35	-36	66	-6	76	25	cell = 336 to 343
64	-4	36	-30	41	8	61	-7	cell = 344 to 351
16	29	46	-18	44	-38	57	-53	cell = 352 to 359
32	0	47	-2	29	-23	-8	-35	cell = 360 to 367
14	-15	26	48	40	12	66	7	cell = 368 to 375
74	-11	49	9	69	-48	43	-9	cell = 376 to 383
29	-25	40	7	30	-23	72	-44	cell = 384 to 391
65	-15	27	32	88	-9	41	4	cell = 392 to 399
62	-1	25	-5	19	-39	39	9	cell = 400 to 407
19	-13	42	22	73	8	29	-12	cell = 408 to 415
59	-17	62	-13	-5	-35	6	-30	cell = 416 to 423
58	-40	61	-6	42	2	49	-7	cell = 424 to 431
35	-19	78	-10	60	15	28	-33	cell = 432 to 439
48	-5	52	15	27	0	51	-56	cell = 440 to 447
45	7	14	13	17	-8	28	-14	cell = 448 to 455
51	9	41	-7	68	-36	28	-5	cell = 456 to 463
86	-10	43	-35	100	-29	49	-15	cell = 464 to 471
32	1	22	-22	54	-5	25	-36	cell = 472 to 479
35	21	38	-25	59	-17	51	66	cell = 480 to 487
30	-25	20	-3	33	25	24	24	cell = 488 to 495
82	-23	-73	-84	-52	-99	-16	-51	cell = 496 to 503
17	-20	37	8	76	12	57	-64	cell = 504 to 511
-34	3	-53	-37	-37	-53	-7	-43	cell = 512 to 519
-37	-7	2	-60	-34	3	-16	1	cell = 520 to 527
10	-21	-24	1	-28	-4	34	-35	cell = 528 to 535
-25	-45	15	-22	-60	-1	-18	-55	cell = 536 to 543
-32	-1	-5	14	3	-23	-39	-33	cell = 544 to 551
-4	-18	-4	-12	-15	-17	-42	-36	cell = 552 to 559
16	-5	12	5	-6	-18	-11	-3	cell = 560 to 567
-16	-22	13	-3	-14	1	-4	-40	cell = 568 to 575
-2	-35	-12	-49	-72	-33	-23	-14	cell = 576 to 583
-26	-34	2	8	-3	-8	-4	-60	cell = 584 to 591
-15	-15	-22	-45	-7	-9	-17	-46	cell = 592 to 599
-15	-2	20	33	-42	-14	-15	36	cell = 600 to 607
-25	12	-42	-26	-14	-23	15	14	cell = 608 to 615
-49	-12	-34	-28	-3	14	16	-34	cell = 616 to 623
0	-27	-13	-13	33	-27	-20	-41	cell = 624 to 631
-40	-23	-15	-27	-2	-54	-3	-16	cell = 632 to 639
-18	-6	-2	-21	-14	-15	9	-22	cell = 640 to 647
-3	-29	-26	-43	-42	-43	4	-43	cell = 648 to 655
-20	-9	-14	2	-22	-13	20	-3	cell = 656 to 663
-3	-15	-20	-34	17	-55	-43	-44	cell = 664 to 671
-16	-35	-14	-77	-5	-24	-18	-23	cell = 672 to 679
16	-20	-35	-37	7	23	-53	-19	cell = 680 to 687
-22	-32	7	-30	-17	8	-26	-26	cell = 688 to 695
-43	23	-15	-50	-58	5	-5	-10	cell = 696 to 703
5	-5	-27	-24	6	-21	0	-2	cell = 704 to 711
3	-32	-51	-38	-43	-66	-33	18	cell = 712 to 719
-49	-5	-39	17	-20	7	13	-14	cell = 720 to 727
-3	-34	-26	1	31	29	-39	-32	cell = 728 to 735
-38	-9	-5	-45	-22	19	-22	-1	cell = 736 to 743
-12	19	-28	10	-14	-29	-5	-22	cell = 744 to 751
4	-13	8	0	-28	-43	-52	-34	cell = 752 to 759
39	-36	-24	-25	-46	7	-18	-77	cell = 760 to 767
-13	-5	-29	-16	10	43	-48	-43	cell = 768 to 775
-37	5	1	-8	-29	-14	-32	-19	cell = 776 to 783
-48	5	-52	-53	-19	-15	-37	-37	cell = 784 to 791
-3	4	29	-54	-33	-22	-14	14	cell = 792 to 799
-43	-36	-13	-8	-61	-13	-9	-35	cell = 800 to 807
-25	-15	4	-24	-4	2	-5	-21	cell = 808 to 815
27	1	-21	-11	-31	21	-35	2	cell = 816 to 823
-24	-13	-16	15	8	17	15	-29	cell = 824 to 831
-47	-24	-48	-28	-15	-53	-5	-22	cell = 832 to 839
-5	-35	14	-61	-24	-41	3	-15	cell = 840 to 847
5	-59	-12	-28	2	-17	-25	-36	cell = 848 to 855
24	-28	-46	-14	-30	-23	-11	-6	cell = 856 to 863
-5	-3	-10	-25	5	-19	-4	-50	cell = 864 to 871
-9	-30	-27	-21	17	-36	-13	-33	cell = 872 to 879
-6	-24	-45	23	-28	-5	-10	-43	cell = 880 to 887
39	-6	13	-38	-56	-6	-46	-7	cell = 888 to 895
0	-22	-23	16	10	-33	4	-22	cell = 896 to 903
4	-6	12	-21	32	-67	-7	-44	cell = 904 to 911
4	22	-2	-47	-23	-8	-40	-18	cell = 912 to 919
-12	30	-30	-40	-39	-21	-15	0	cell = 920 to 927
-31	23	-37	-29	-30	-7	-15	-31	cell = 928 to 935
9	-41	-2	-20	-13	-16	-25	-75	cell = 936 to 943
-8	-19	31	-20	-35	-13	-47	-10	cell = 944 to 951
-9	-22	-48	-38	-53	7	-12	-55	cell = 952 to 959
13	-8	33	10	0	-20	-14	-4	cell = 960 to 967
-20	23	-11	9	-28	5	11	-36	cell = 968 to 975
16	-6	-23	-20	-5	10	-22	13	cell = 976 to 983
-11	13	-19	-29	-6	7	-41	-71	cell = 984 to 991
18	-21	-8	-23	-7	-22	-34	-2	cell = 992 to 999
2	-36	-39	9	8	-50	-19	-37	cell = 1000 to 1007
-33	22	-62	-57	-23	14	-62	-23	cell = 1008 to 1015
-4	-15	-23	-63	-20	-37	-18	0	cell = 1016 to 1023
Calibration values from cell 0 to 1024 for channel 3:

12	-16	36	-53	23	-15	51	19	cell = 0 to 7
71	-15	27	-17	48	13	34	6	cell = 8 to 15
43	-14	47	-16	58	-14	70	-6	cell = 16 to 23
10	-46	24	-8	36	-23	51	-6	cell = 24 to 31
21	-31	62	-6	12	-18	-11	7	cell = 32 to 39
16	-8	21	27	8	-15	33	33	cell = 40 to 47
62	-22	14	-19	11	2	25	16	cell = 48 to 55
44	-12	45	-25	39	-7	22	7	cell = 56 to 63
58	4	33	-14	15	-1	43	-8	cell = 64 to 71
17	-48	59	-13	58	10	36	16	cell = 72 to 79
25	-16	35	10	39	-28	99	0	cell = 80 to 87
56	-26	23	-28	51	-1	28	-3	cell = 88 to 95
62	-29	-2	-58	61	9	28	0	cell = 96 to 103
52	0	59	-11	48	-9	45	-18	cell = 104 to 111
42	0	54	20	63	1	65	5	cell = 112 to 119
88	-27	79	30	57	-16	56	24	cell = 120 to 127
51	-20	41	8	49	-35	44	-3	cell = 128 to 135
49	0	44	5	100	-15	53	-13	cell = 136 to 143
23	-9	39	-9	41	26	28	-16	cell = 144 to 151
36	-31	61	28	36	-19	60	-28	cell = 152 to 159
48	29	72	3	40	39	21	-12	cell = 160 to 167
65	12	77	-9	46	23	55	-17	cell = 168 to 175
39	-13	40	-39	45	-27	54	10	cell = 176 to 183
34	-23	42	15	46	-39	-4	-28	cell = 184 to 191
40	-4	52	-40	52	-23	54	-45	cell = 192 to 199
55	-23	8	14	74	-13	31	-31	cell = 200 to 207
50	-13	62	2	77	-5	54	20	cell = 208 to 215
86	3	10	-18	32	-18	37	-5	cell = 216 to 223
54	17	66	15	22	17	-10	-8	cell = 224 to 231
59	19	83	-5	66	-11	73	-24	cell = 232 to 239
22	2	35	19	52	-13	67	-35	cell = 240 to 247
46	-15	37	-5	59	-5	32	0	cell = 248 to 255
85	0	29	-31	28	-1	35	-32	cell = 256 to 263
35	-20	60	9	29	-15	12	14	cell = 264 to 271
16	-6	62	3	28	-5	43	-11	cell = 272 to 279
68	2	46	5	49	30	27	-15	cell = 280 to 287
79	13	85	-10	34	25	45	-26	cell = 288 to 295
91	-3	66	17	57	-13	40	-18	cell = 296 to 303
48	-10	66	2	46	-6	51	-23	cell = 304 to 311
59	-35	77	21	40	-9	6	19	cell = 312 to 319
55	-24	47	0	45	8	69	-5	cell = 320 to 327
35	-7	15	9	16	44	77	-31	cell = 328 to 335
12	-4	32	51	6	10	39	-13	cell = 336 to 343
97	-29	42	-16	21	-12	65	15	cell = 344 to 351
76	-5	68	27	40	-35	57	38	cell = 352 to 359
76	-15	33	15	60	0	49	4	cell = 360 to 367
23	-12	95	31	55	-11	25	25	cell = 368 to 375
54	-3	38	-34	32	4	87	-4	cell = 376 to 383
69	-36	24	25	24	5	43	-11	cell = 384 to 391
19	-13	58	-43	34	-32	67	-30	cell = 392 to 399
81	19	26	-36	85	-16	-9	35	cell = 400 to 407
18	5	51	10	58	-30	54	32	cell = 408 to 415
42	-20	51	30	84	16	-3	-20	cell = 416 to 423
82	-12	35	-8	84	-7	37	-19	cell = 424 to 431
73	-26	82	-9	40	-7	39	11	cell = 432 to 439
52	8	62	-32	28	11	-8	-37	cell = 440 to 447
40	23	42	-17	-10	-3	41	-7	cell = 448 to 455
59	-31	62	38	31	-40	17	-19	cell = 456 to 463
5	-15	6	0	87	-13	48	-19	cell = 464 to 471
12	5	36	29	66	-26	19	-37	cell = 472 to 479
65	-10	36	-9	52	3	43	18	cell = 480 to 487
83	5	36	33	25	-29	5	11	cell = 488 to 495
17	40	-27	-87	14	-75	-22	-61	cell = 496 to 503
34	30	76	-43	31	42	79	-36	cell = 504 to 511
2	0	-68	-54	-66	-2	-22	-46	cell = 512 to 519
-7	-17	-39	-17	-52	-40	-17	-18	cell = 520 to 527
-6	-21	-32	-14	-35	-26	-8	-4	cell = 528 to 535
-28	40	-3	-28	-11	-43	-13	-41	cell = 536 to 543
22	-52	-28	-47	-10	-28	-14	-48	cell = 544 to 551
-64	-10	0	20	-3	-17	5	-36	cell = 552 to 559
-6	-17	-10	-27	-21	9	-54	-6	cell = 560 to 567
-22	-17	18	-9	-7	15	-27	-47	cell = 568 to 575
-13	11	-24	-15	-8	-43	-45	-14	cell = 576 to 583
-25	-41	-10	-14	-10	-25	-32	-36	cell = 584 to 591
-15	-37	-15	-21	-32	-6	1	-25	cell = 592 to 599
-57	-34	12	-36	-60	-22	5	-49	cell = 600 to 607
-27	1	-15	-11	-47	-34	-23	-29	cell = 608 to 615
-22	-7	-78	40	0	-50	-12	-61	cell = 616 to 623
-47	-4	-13	-5	-6	-22	-15	-25	cell = 624 to 631
-22	-3	-7	3	-32	-38	-19	9	cell = 632 to 639
-32	-31	-21	-33	-13	-41	-12	0	cell = 640 to 647
-53	-1	8	-7	-5	-20	8	-33	cell = 648 to 655
-6	-32	-51	-23	18	24	-20	-40	cell = 656 to 663
-21	-19	-49	-49	-10	12	-12	-16	cell = 664 to 671
-44	-2	-38	-18	-27	14	-17	-26	cell = 672 to 679
-19	-4	-59	2	-30	-7	15	-13	cell = 680 to 687
-18	-48	-32	-15	-33	-26	-1	-19	cell = 688 to 695
-27	-13	-31	-26	-20	-26	-6	0	cell = 696 to 703
-46	-18	-22	17	5	-23	-20	-46	cell = 704 to 711
-16	-23	-8	10	-31	-53	-13	-9	cell = 712 to 719
-42	-16	-14	-17	13	-2	-13	5	cell = 720 to 727
-68	4	-18	-34	-6	-31	-46	-28	cell = 728 to 735
27	-25	-28	-3	32	10	-27	-30	cell = 736 to 743
3	-3	-12	-10	12	-15	-39	-45	cell = 744 to 751
-34	-3	0	-1	5	-9	-2	-43	cell = 752 to 759
-10	10	20	-22	-12	-32	4	-41	cell = 760 to 767
-50	-6	-9	1	-10	-45	-38	-29	cell = 768 to 775
14	-15	-3	3	17	-59	-23	13	cell = 776 to 783
-26	-48	-46	-84	6	-72	15	3	cell = 784 to 791
-15	7	-5	-27	-10	-44	-24	-25	cell = 792 to 799
-38	-32	-30	-30	-11	7	-17	-14	cell = 800 to 807
-38	-24	-32	-34	26	9	-19	-33	cell = 808 to 815
-7	-39	-41	-15	-30	-18	0	-30	cell = 816 to 823
-22	-11	-14	-23	18	-23	-6	-9	cell = 824 to 831
-14	-17	-6	-8	-27	-39	-11	-31	cell = 832 to 839
-3	-43	-30	-24	-27	-24	-27	-18	cell = 840 to 847
-15	-60	-5	-12	-6	-35	16	-36	cell = 848 to 855
-28	-11	-5	-31	0	-34	-7	-57	cell = 856 to 863
-10	1	-3	-13	-41	-21	1	-40	cell = 864 to 871
-11	-40	-8	-27	-34	-31	-6	6	cell = 872 to 879
-28	7	9	-3	-30	24	-4	-21	cell = 880 to 887
-41	48	27	-26	-42	-10	-36	2	cell = 888 to 895
-25	-20	-33	-24	-30	7	-44	-49	cell = 896 to 903
-15	-49	-59	-48	-24	-44	-6	-22	cell = 904 to 911
-26	4	-5	11	6	-35	-26	-8	cell = 912 to 919
-19	-30	9	-11	-25	-33	-56	-47	cell = 920 to 927
-26	-29	-41	-18	1	-7	-28	26	cell = 928 to 935
-26	-24	-1	-37	-33	-23	-6	10	cell = 936 to 943
-10	-12	-15	0	-31	-36	-39	-3	cell = 944 to 951
-10	-59	-20	-18	10	-25	14	9	cell = 952 to 959
-24	-11	0	-33	-16	-16	22	-50	cell = 960 to 967
0	-17	-59	-14	-14	-55	15	5	cell = 968 to 975
-38	-31	-37	-56	-40	-20	-51	-10	cell = 976 to 983
-41	0	-16	-15	-33	-43	-41	15	cell = 984 to 991
-22	-50	18	-42	0	17	15	-6	cell = 992 to 999
-22	2	-12	-31	14	-40	-35	-33	cell = 1000 to 1007
-18	-40	-26	-46	-37	-5	0	-14	cell = 1008 to 1015
0	-45	19	-45	-62	-35	-55	-20	cell = 1016 to 1023
Calibration values from cell 0 to 1024 for channel 4:

50	13	42	-6	26	-28	26	-25	cell = 0 to 7
56	-67	33	-5	59	-47	52	6	cell = 8 to 15
32	-23	47	-16	41	30	82	0	cell = 16 to 23
36	-9	16	-12	44	-9	20	13	cell = 24 to 31
85	7	19	0	11	-25	69	-37	cell = 32 to 39
72	13	18	12	-2	-12	41	-18	cell = 40 to 47
41	-15	-17	-30	42	2	34	11	cell = 48 to 55
63	18	35	-3	52	22	43	-32	cell = 56 to 63
10	-21	5	-8	40	23	102	-4	cell = 64 to 71
66	-7	17	-24	75	1	38	32	cell = 72 to 79
65	-31	60	0	25	-32	52	-32	cell = 80 to 87
59	-2	16	-21	44	8	75	-48	cell = 88 to 95
16	1	44	-22	59	10	58	-12	cell = 96 to 103
10	-20	58	-22	40	2	76	-51	cell = 104 to 111
70	6	76	-18	61	-8	98	-12	cell = 112 to 119
51	-5	37	-32	79	2	63	-4	cell = 120 to 127
54	-24	43	-21	67	22	57	31	cell = 128 to 135
49	10	53	-24	72	-12	56	-40	cell = 136 to 143
10	-33	31	20	16	18	72	14	cell = 144 to 151
28	-4	73	5	42	-12	21	8	cell = 152 to 159
45	-18	40	38	56	10	22	-31	cell = 160 to 167
82	13	50	32	22	-33	68	-12	cell = 168 to 175
36	21	34	-28	32	1	42	-32	cell = 176 to 183
89	35	54	-9	50	19	70	-23	cell = 184 to 191
64	21	23	20	99	-38	54	-6	cell = 192 to 199
52	-26	46	-11	65	20	68	-30	cell = 200 to 207
38	1	65	-32	38	8	24	7	cell = 208 to 215
54	-34	18	-5	44	-58	16	30	cell = 216 to 223
77	3	-11	-1	43	-18	22	-8	cell = 224 to 231
62	-56	12	-13	88	33	41	-21	cell = 232 to 239
61	-13	62	-7	32	17	24	8	cell = 240 to 247
47	-31	60	4	48	6	46	13	cell = 248 to 255
51	-2	69	-21	16	-6	60	-15	cell = 256 to 263
56	12	50	-11	77	8	102	-9	cell = 264 to 271
33	-5	61	-25	42	-23	65	10	cell = 272 to 279
75	-15	31	-4	57	45	41	-3	cell = 280 to 287
45	-38	51	-47	47	-2	74	33	cell = 288 to 295
74	9	59	-18	57	23	74	-26	cell = 296 to 303
51	-11	35	7	62	12	42	-3	cell = 304 to 311
61	-16	20	9	33	-45	32	-5	cell = 312 to 319
12	-13	41	20	21	-15	33	-11	cell = 320 to 327
40	-5	50	23	73	18	31	-38	cell = 328 to 335
38	7	87	-1	48	-49	43	-13	cell = 336 to 343
73	-41	21	20	30	6	6	-7	cell = 344 to 351
61	8	46	-3	56	-8	47	-17	cell = 352 to 359
57	-26	55	-8	94	4	20	6	cell = 360 to 367
53	16	38	-31	71	-28	9	5	cell = 368 to 375
31	14	58	2	40	9	9	-7	cell = 376 to 383
25	-19	69	-60	78	-3	1	10	cell = 384 to 391
65	-6	71	7	-6	-6	34	5	cell = 392 to 399
41	-6	88	-3	29	1	40	2	cell = 400 to 407
20	-32	28	-9	47	-42	37	18	cell = 408 to 415
45	18	66	19	76	0	36	-33	cell = 416 to 423
46	1	14	-4	7	-9	67	-22	cell = 424 to 431
15	2	47	-15	16	-6	65	-22	cell = 432 to 439
33	-10	39	5	19	-8	56	10	cell = 440 to 447
33	1	26	-20	7	-58	49	2	cell = 448 to 455
59	-32	42	33	58	-13	26	-7	cell = 456 to 463
22	-30	57	-24	36	15	51	-18	cell = 464 to 471
46	-15	62	-9	62	10	10	-2	cell = 472 to 479
12	-10	19	-34	38	-40	20	-27	cell = 480 to 487
34	3	23	-20	19	-39	84	-17	cell = 488 to 495
10	-10	-56	-107	-17	-104	-20	-38	cell = 496 to 503
76	25	17	-14	7	20	34	30	cell = 504 to 511
5	-34	-21	-53	12	-34	-2	-30	cell = 512 to 519
0	-16	8	-28	-20	-10	-74	6	cell = 520 to 527
-5	-47	3	-27	-31	-24	0	-17	cell = 528 to 535
1	1	-57	6	-23	-42	-19	-1	cell = 536 to 543
-29	0	28	34	-4	-1	-13	-45	cell = 544 to 551
5	-32	16	8	26	27	1	-35	cell = 552 to 559
-27	11	-13	-6	-29	-8	-31	-33	cell = 560 to 567
28	-50	14	-41	-25	-55	-25	0	cell = 568 to 575
-13	-40	-36	-28	-7	-53	16	-31	cell = 576 to 583
-41	-9	18	-13	-13	-29	-22	-15	cell = 584 to 591
9	-20	-42	-25	-1	-7	-6	23	cell = 592 to 599
-3	-40	-27	-37	15	-9	-12	-8	cell = 600 to 607
-54	-47	23	-14	7	-30	-7	-29	cell = 608 to 615
-28	-16	7	-18	-22	9	0	-29	cell = 616 to 623
-37	21	-27	-32	17	-20	19	-10	cell = 624 to 631
-26	-36	1	-39	-20	-18	-7	-47	cell = 632 to 639
-8	-22	-63	0	-37	-18	-32	-68	cell = 640 to 647
11	-20	-12	-10	7	4	-27	-34	cell = 648 to 655
-12	-52	2	22	-30	-15	-8	-3	cell = 656 to 663
-4	5	11	11	-32	6	32	-8	cell = 664 to 671
-18	-21	6	-28	-20	-16	-42	-15	cell = 672 to 679
-21	-40	3	-26	-44	-69	-52	18	cell = 680 to 687
-38	-22	-33	-60	-26	-7	-1	-33	cell = 688 to 695
7	11	-14	-27	-58	-13	-35	-41	cell = 696 to 703
-6	-12	-12	-5	3	-21	-28	-11	cell = 704 to 711
-35	-31	-27	-63	-25	-34	-26	-66	cell = 712 to 719
-15	-11	-16	-27	-21	-48	-24	-23	cell = 720 to 727
-50	-24	-25	-21	-34	-33	-13	-14	cell = 728 to 735
-20	-32	21	-9	-30	-6	-14	-22	cell = 736 to 743
-27	-58	4	-16	8	32	-42	-22	cell = 744 to 751
-34	-37	-38	-48	-29	-50	-4	-34	cell = 752 to 759
26	-46	-22	1	9	1	-33	-68	cell = 760 to 767
-23	-68	-30	-56	-13	-6	-35	-44	cell = 768 to 775
-36	-4	-48	-6	-2	-24	-11	-26	cell = 776 to 783
-56	-22	-38	-11	10	-20	-14	0	cell = 784 to 791
-22	-23	-29	-15	-25	-18	-57	7	cell = 792 to 799
-9	-3	-33	-6	-29	-47	2	-13	cell = 800 to 807
-38	-40	-40	-11	17	-1	-50	-14	cell = 808 to 815
9	11	-46	-7	-31	-72	8	2	cell = 816 to 823
-7	-58	3	6	-12	-66	-46	-22	cell = 824 to 831
-16	-2	-19	-8	-54	-34	11	1	cell = 832 to 839
-51	-14	-3	-15	0	-14	-39	-8	cell = 840 to 847
-21	-17	-8	-44	-35	17	32	-35	cell = 848 to 855
6	3	-4	-29	-35	-23	5	-11	cell = 856 to 863
-19	-48	-16	-8	-35	-29	-20	-45	cell = 864 to 871
-38	13	11	-32	-8	-43	-6	-31	cell = 872 to 879
-29	-25	-21	-28	-6	-41	4	4	cell = 880 to 887
-36	12	-19	-12	-17	1	7	1	cell = 888 to 895
-40	-42	-43	-39	-11	-23	-13	-26	cell = 896 to 903
-28	-13	-20	-45	-22	-16	-27	-39	cell = 904 to 911
18	-39	-57	-30	-13	-45	-12	-15	cell = 912 to 919
-26	-7	-12	-44	-23	-13	-14	-9	cell = 920 to 927
18	-4	-31	-3	1	-15	6	-37	cell = 928 to 935
9	-10	-41	-6	-12	-10	-49	-12	cell = 936 to 943
2	5	-18	-23	-13	-36	-4	4	cell = 944 to 951
-14	14	-23	-26	-8	-30	-34	-21	cell = 952 to 959
-31	6	-8	5	-40	-29	-5	-23	cell = 960 to 967
-21	-31	-6	-32	-55	-35	-9	-20	cell = 968 to 975
-42	0	11	-56	-21	-13	-7	-16	cell = 976 to 983
33	39	-6	31	-46	-34	17	-41	cell = 984 to 991
7	-19	-39	21	-13	-10	-38	-45	cell = 992 to 999
-11	3	-32	-15	-49	-31	16	15	cell = 1000 to 1007
0	-35	-21	-29	-38	-24	-13	-12	cell = 1008 to 1015
-23	-35	-8	-48	-31	-21	-27	-34	cell = 1016 to 1023
Calibration values from cell 0 to 1024 for channel 5:

87	-33	5	-17	37	2	44	-28	cell = 0 to 7
14	23	61	-12	0	-8	51	19	cell = 8 to 15
37	-42	11	-38	15	-33	44	-14	cell = 16 to 23
22	-50	48	-8	24	-1	62	-38	cell = 24 to 31
29	-25	44	12	23	-21	60	-35	cell = 32 to 39
88	20	52	-5	67	-22	28	-28	cell = 40 to 47
42	0	42	-26	78	-11	40	1	cell = 48 to 55
53	22	44	-25	44	-20	10	-26	cell = 56 to 63
28	12	14	-15	46	-24	26	-22	cell = 64 to 71
69	-24	23	23	49	-70	37	44	cell = 72 to 79
49	-29	46	5	64	-2	41	-1	cell = 80 to 87
22	-16	51	7	44	36	77	-6	cell = 88 to 95
25	-28	55	-8	33	-7	35	18	cell = 96 to 103
54	-7	55	-9	34	-37	75	-20	cell = 104 to 111
67	15	40	-14	25	-22	21	-25	cell = 112 to 119
60	-25	32	-38	-6	-31	42	10	cell = 120 to 127
57	-30	61	3	28	-23	28	-13	cell = 128 to 135
83	15	38	32	45	27	12	-36	cell = 136 to 143
54	-52	30	-11	68	-29	40	25	cell = 144 to 151
96	-8	51	-30	54	-23	36	-3	cell = 152 to 159
44	-2	22	17	61	-4	37	-22	cell = 160 to 167
22	17	45	-24	26	-35	23	18	cell = 168 to 175
93	-14	68	3	31	-32	51	-40	cell = 176 to 183
77	-42	30	-34	46	-14	66	-21	cell = 184 to 191
42	-4	58	-2	31	34	25	-29	cell = 192 to 199
42	-3	8	-50	60	23	70	-37	cell = 200 to 207
38	-39	61	13	33	-3	26	-43	cell = 208 to 215
47	2	64	3	72	-12	48	17	cell = 216 to 223
40	0	31	9	37	22	38	-41	cell = 224 to 231
47	-29	5	-41	27	-5	50	-5	cell = 232 to 239
13	-6	26	54	49	-13	19	21	cell = 240 to 247
70	-15	40	-42	51	-13	25	9	cell = 248 to 255
24	-29	25	47	38	15	29	-20	cell = 256 to 263
90	-6	20	0	61	18	37	-25	cell = 264 to 271
12	-24	67	19	109	-27	39	-9	cell = 272 to 279
34	0	28	26	53	-30	-7	-22	cell = 280 to 287
38	-10	50	-32	54	-3	37	-14	cell = 288 to 295
62	-27	39	-25	60	-39	31	-1	cell = 296 to 303
40	-24	58	11	31	-19	43	-3	cell = 304 to 311
92	51	82	-44	78	-22	48	-24	cell = 312 to 319
31	-13	2	-1	30	-19	-1	-8	cell = 320 to 327
67	-31	84	2	56	-8	45	-5	cell = 328 to 335
80	-2	65	-11	46	-47	20	30	cell = 336 to 343
73	-34	41	2	39	20	71	-17	cell = 344 to 351
53	-7	38	-20	67	-4	31	-18	cell = 352 to 359
42	-9	40	4	64	35	28	-14	cell = 360 to 367
83	-30	83	-35	77	4	56	-21	cell = 368 to 375
26	11	43	-26	79	19	54	-7	cell = 376 to 383
51	-36	25	18	10	-23	43	29	cell = 384 to 391
24	-22	55	-6	35	3	70	-25	cell = 392 to 399
61	-4	64	-37	54	6	50	-36	cell = 400 to 407
57	-31	27	-38	54	14	3	13	cell = 408 to 415
37	16	78	-3	47	10	42	-25	cell = 416 to 423
18	-11	31	0	24	-33	53	-2	cell = 424 to 431
10	5	50	42	66	-15	28	9	cell = 432 to 439
36	-2	70	14	60	-15	73	-20	cell = 440 to 447
59	18	1	-31	-4	1	66	5	cell = 448 to 455
5	-21	22	11	50	29	13	-30	cell = 456 to 463
79	-54	62	-31	64	-58	34	7	cell = 464 to 471
47	-23	43	13	60	-11	22	4	cell = 472 to 479
42	-7	45	-16	50	-9	17	8	cell = 480 to 487
26	-14	29	-4	17	6	35	11	cell = 488 to 495
34	-24	-14	-99	-58	-142	-11	-68	cell = 496 to 503
47	-25	25	-8	57	-14	15	-25	cell = 504 to 511
-41	-7	-19	-18	-9	-10	-31	-8	cell = 512 to 519
-19	-36	-45	19	-7	-50	17	0	cell = 520 to 527
-23	-30	10	16	-4	-14	-40	-32	cell = 528 to 535
-3	11	16	7	-14	-19	-7	-4	cell = 536 to 543
1	-8	-1	4	-25	13	-12	35	cell = 544 to 551
-11	33	-22	6	-30	-39	-3	-15	cell = 552 to 559
-40	-11	-29	-28	-49	-21	-29	-2	cell = 560 to 567
-10	-52	-34	-11	6	-20	-12	-38	cell = 568 to 575
-51	-3	2	-44	10	2	-14	-3	cell = 576 to 583
-4	-38	-15	-18	15	0	-44	-19	cell = 584 to 591
-14	-54	-1	-23	-60	-21	-18	-17	cell = 592 to 599
-10	-46	9	-12	-46	-46	-22	12	cell = 600 to 607
13	-36	-14	-51	-15	-49	-13	-18	cell = 608 to 615
-57	-17	6	-17	-10	-33	-13	-38	cell = 616 to 623
-9	13	-18	-17	-28	-4	-16	-47	cell = 624 to 631
-53	-23	-51	-1	-31	-17	-26	-34	cell = 632 to 639
-7	2	-19	-49	27	-42	-40	8	cell = 640 to 647
21	-17	-7	-54	-17	-40	-9	-40	cell = 648 to 655
-36	-28	-28	-22	-31	-2	-37	-20	cell = 656 to 663
-19	-8	13	5	-42	-14	-13	-30	cell = 664 to 671
-40	-24	-30	-9	36	-3	-45	-13	cell = 672 to 679
-6	-7	7	-51	-44	10	-34	-19	cell = 680 to 687
-8	-31	-3	5	-31	-21	-29	-18	cell = 688 to 695
2	-17	-12	-20	4	-28	-11	-2	cell = 696 to 703
-30	-35	-31	-10	-28	-17	-55	-31	cell = 704 to 711
-65	-24	-7	-21	11	-33	22	-32	cell = 712 to 719
-36	5	-44	-17	11	-26	-41	-15	cell = 720 to 727
-33	-22	-23	-29	0	-15	22	-38	cell = 728 to 735
-27	-32	-15	10	-11	-39	-28	-43	cell = 736 to 743
1	-51	3	-34	0	5	12	-47	cell = 744 to 751
0	24	-46	-4	-23	-9	-27	8	cell = 752 to 759
3	43	-18	-60	-25	-30	10	-24	cell = 760 to 767
-9	-12	2	-5	-37	-32	-27	-28	cell = 768 to 775
-19	-26	-37	9	-34	26	-32	-24	cell = 776 to 783
-11	-18	-58	-27	-44	-8	-6	20	cell = 784 to 791
10	-28	6	17	-38	-10	-5	-14	cell = 792 to 799
34	-15	1	-2	-12	5	-41	8	cell = 800 to 807
27	-12	18	-27	9	-22	-39	-40	cell = 808 to 815
-14	-35	4	-16	-11	-24	-14	-49	cell = 816 to 823
-13	11	-16	-34	-18	-39	-23	-1	cell = 824 to 831
-39	13	-25	-11	-20	-33	-37	-44	cell = 832 to 839
-29	5	-3	-1	-9	-19	1	-8	cell = 840 to 847
-16	-22	-29	-40	-43	-19	-13	-58	cell = 848 to 855
-8	-42	13	-16	-19	-14	-31	5	cell = 856 to 863
-44	-36	-24	-30	-37	-27	-37	-8	cell = 864 to 871
-28	-34	-7	23	28	6	0	-8	cell = 872 to 879
30	-9	-40	11	-9	-11	-45	-20	cell = 880 to 887
-14	-60	-26	-54	-43	2	-33	-13	cell = 888 to 895
-9	-6	-9	-37	13	13	4	9	cell = 896 to 903
1	-22	-2	-31	-32	-12	9	-17	cell = 904 to 911
0	-27	-37	2	-6	-43	-40	0	cell = 912 to 919
27	-26	7	14	24	-39	0	0	cell = 920 to 927
-24	-8	2	2	-19	1	-3	-16	cell = 928 to 935
-24	-20	-19	-23	30	-21	19	-9	cell = 936 to 943
10	-32	-7	-7	5	5	-24	23	cell = 944 to 951
-2	-47	-7	-42	-61	5	0	4	cell = 952 to 959
7	-15	-37	-33	-46	-36	17	-26	cell = 960 to 967
-9	0	-13	-26	-32	-46	10	-62	cell = 968 to 975
-22	-44	-12	-28	-1	-4	4	-1	cell = 976 to 983
-15	-37	-3	-4	1	-10	18	-61	cell = 984 to 991
-69	10	-26	-51	-8	4	-6	-26	cell = 992 to 999
20	1	24	5	4	-9	-13	-21	cell = 1000 to 1007
10	-21	-20	-12	-45	-30	-29	-9	cell = 1008 to 1015
-28	-29	-15	-34	-53	-59	-35	-2	cell = 1016 to 1023
Calibration values from cell 0 to 1024 for channel 6:

49	19	24	-9	14	-61	15	-2	cell = 0 to 7
53	-14	12	-4	23	1	23	-2	cell = 8 to 15
42	-48	73	-11	33	-8	44	-9	cell = 16 to 23
33	-1	6	19	45	-35	-11	-10	cell = 24 to 31
64	-30	17	18	30	-9	31	27	cell = 32 to 39
76	-32	71	-30	31	1	58	-25	cell = 40 to 47
86	-45	1	-29	48	-2	14	9	cell = 48 to 55
63	-19	85	33	101	-14	49	-18	cell = 56 to 63
47	-24	19	-27	24	-2	84	-5	cell = 64 to 71
12	4	35	16	22	-4	21	6	cell = 72 to 79
81	2	56	-25	43	11	53	10	cell = 80 to 87
47	-7	19	-36	70	13	74	-10	cell = 88 to 95
69	-11	40	-7	70	-19	61	-13	cell = 96 to 103
35	-49	49	-23	24	-24	28	17	cell = 104 to 111
53	8	67	-50	87	-23	42	33	cell = 112 to 119
95	-24	51	0	39	7	44	3	cell = 120 to 127
76	-11	32	36	41	-28	50	-29	cell = 128 to 135
68	-34	89	19	44	-2	41	-16	cell = 136 to 143
32	-21	38	-9	43	-14	35	-32	cell = 144 to 151
17	0	36	33	40	-52	22	4	cell = 152 to 159
28	26	21	-4	51	-33	5	-14	cell = 160 to 167
57	-8	33	-27	39	-15	26	-11	cell = 168 to 175
50	-25	73	27	60	-38	60	-50	cell = 176 to 183
39	-51	21	-16	67	10	56	-26	cell = 184 to 191
7	-5	3	-32	38	2	67	-54	cell = 192 to 199
12	-21	62	2	43	-22	26	-19	cell = 200 to 207
76	1	35	-45	76	-13	54	-36	cell = 208 to 215
67	0	-19	-21	30	13	58	-7	cell = 216 to 223
68	-44	39	-27	18	-19	49	21	cell = 224 to 231
51	-14	87	11	41	3	41	-7	cell = 232 to 239
21	8	23	-21	58	0	51	0	cell = 240 to 247
46	8	62	-26	31	-4	50	-24	cell = 248 to 255
75	3	54	-58	48	-15	59	-20	cell = 256 to 263
77	3	12	14	43	-21	50	20	cell = 264 to 271
52	-6	29	-3	49	-4	1	-16	cell = 272 to 279
63	-44	87	-2	54	-5	93	-27	cell = 280 to 287
73	0	46	30	58	12	4	-16	cell = 288 to 295
29	-1	8	-46	30	-7	26	2	cell = 296 to 303
79	-21	15	-15	44	-9	44	-13	cell = 304 to 311
14	4	28	14	51	-24	19	-15	cell = 312 to 319
83	-37	78	-2	28	15	21	-67	cell = 320 to 327
43	-29	36	-22	70	-4	25	1	cell = 328 to 335
39	-26	34	-14	19	8	1	-12	cell = 336 to 343
61	31	31	1	61	-1	28	-7	cell = 344 to 351
36	13	41	1	24	-51	45	43	cell = 352 to 359
29	-15	40	-15	71	-36	18	-18	cell = 360 to 367
51	-22	27	-24	78	7	59	30	cell = 368 to 375
80	-17	62	-3	50	5	52	-23	cell = 376 to 383
65	17	63	-31	31	-45	41	-13	cell = 384 to 391
62	0	46	-44	5	2	15	-31	cell = 392 to 399
38	-24	54	-26	90	-19	39	0	cell = 400 to 407
67	10	48	16	3	7	26	-31	cell = 408 to 415
51	-8	15	19	74	-32	39	-10	cell = 416 to 423
43	-34	34	-18	26	3	18	11	cell = 424 to 431
52	-16	50	11	55	22	55	-14	cell = 432 to 439
30	-31	51	-3	49	-21	77	-5	cell = 440 to 447
4	36	62	7	7	-42	37	-17	cell = 448 to 455
46	19	50	-37	24	5	34	44	cell = 456 to 463
2	-17	62	-12	31	-21	4	10	cell = 464 to 471
61	-25	50	18	59	1	28	3	cell = 472 to 479
12	5	50	19	76	-15	63	-15	cell = 480 to 487
65	33	23	19	78	-2	79	42	cell = 488 to 495
39	-29	-30	-93	-23	-58	-5	-93	cell = 496 to 503
47	-13	20	-12	19	-31	52	-37	cell = 504 to 511
10	-16	26	-46	-50	-45	-18	6	cell = 512 to 519
-14	-36	-40	28	-25	-9	13	-32	cell = 520 to 527
23	-18	-33	-25	7	-40	-53	-12	cell = 528 to 535
-17	26	-11	-25	-20	4	-47	-18	cell = 536 to 543
-40	-14	4	0	15	-33	15	-34	cell = 544 to 551
-13	12	16	-10	-1	-7	-24	-55	cell = 552 to 559
5	15	-17	-40	-14	-30	-33	-72	cell = 560 to 567
-14	-28	-30	-10	6	-5	-31	-6	cell = 568 to 575
-7	-9	-37	-4	-19	-25	18	-6	cell = 576 to 583
-17	-24	-18	-41	-25	-2	1	-40	cell = 584 to 591
-37	13	-17	-76	-24	13	8	-11	cell = 592 to 599
32	-16	23	6	-5	11	-13	-13	cell = 600 to 607
-52	-1	-23	-9	-26	6	-38	-39	cell = 608 to 615
-15	-45	-31	-22	-13	-17	30	-18	cell = 616 to 623
-27	-42	22	-49	-52	-42	-44	-1	cell = 624 to 631
-22	-9	-18	-4	-36	-37	-5	-23	cell = 632 to 639
-32	5	-12	-32	-51	-57	-23	-3	cell = 640 to 647
-10	-17	30	-2	8	-47	21	7	cell = 648 to 655
2	-16	-15	-28	-24	0	-32	1	cell = 656 to 663
3	-21	3	-19	-20	-34	-33	-36	cell = 664 to 671
10	-10	-15	-58	-31	-7	-42	21	cell = 672 to 679
-24	-10	-4	-3	13	-17	-27	-21	cell = 680 to 687
-34	-25	-23	-48	9	-25	-39	-24	cell = 688 to 695
-13	0	-13	7	-5	-37	-12	-37	cell = 696 to 703
-6	-28	5	-34	-55	-35	-48	-42	cell = 704 to 711
-20	0	-60	-24	-6	-46	48	13	cell = 712 to 719
0	27	-33	-10	-20	-55	2	-22	cell = 720 to 727
0	-11	-8	-34	-36	13	-45	-47	cell = 728 to 735
-13	5	-21	-7	-21	-22	-4	-28	cell = 736 to 743
-21	-43	-47	-35	-15	-11	0	-20	cell = 744 to 751
-12	8	-25	5	22	-53	-24	-34	cell = 752 to 759
18	-27	10	-10	-42	-2	-20	-52	cell = 760 to 767
-50	-16	-49	-46	-4	-27	0	-10	cell = 768 to 775
-30	-7	-27	7	17	-38	-45	3	cell = 776 to 783
-12	-35	-17	38	-10	-7	-18	4	cell = 784 to 791
16	-21	-30	-8	40	-43	-22	-26	cell = 792 to 799
-2	-24	-6	-30	-3	-2	-38	-30	cell = 800 to 807
-22	-25	-29	5	-3	-50	-32	-29	cell = 808 to 815
-38	-8	32	-40	-34	-18	-38	-17	cell = 816 to 823
-6	4	2	-5	1	24	-14	-28	cell = 824 to 831
-19	-2	34	-21	-50	-7	-25	-13	cell = 832 to 839
5	-20	-11	-17	-30	-69	-29	-16	cell = 840 to 847
-48	-13	0	5	-40	8	-55	-12	cell = 848 to 855
9	-32	-23	-7	-40	-27	-3	-24	cell = 856 to 863
-42	-67	3	13	9	-22	-18	-28	cell = 864 to 871
-66	0	-14	-11	-34	6	-21	-40	cell = 872 to 879
-19	-17	17	-16	23	-10	-54	-20	cell = 880 to 887
5	-15	8	7	-39	-43	2	-9	cell = 888 to 895
-37	-30	-21	-14	-14	-12	21	-24	cell = 896 to 903
-7	17	-15	24	-14	-3	-16	-1	cell = 904 to 911
0	-32	-29	-54	-21	-3	4	-43	cell = 912 to 919
-42	-60	-11	-10	-12	-32	-3	-20	cell = 920 to 927
-18	-30	-14	2	-12	-11	-20	-16	cell = 928 to 935
34	-32	7	-14	6	-6	-52	7	cell = 936 to 943
-2	-38	16	-2	18	-17	-25	-42	cell = 944 to 951
-17	-45	-3	8	-32	-2	-12	-34	cell = 952 to 959
-59	8	-5	-57	2	19	-66	-8	cell = 960 to 967
18	-35	-42	-37	-28	-2	-32	-55	cell = 968 to 975
-25	11	-18	-53	14	5	-30	0	cell = 976 to 983
14	-30	-4	12	-11	-6	-9	-25	cell = 984 to 991
-9	-26	20	8	0	-16	6	-73	cell = 992 to 999
-37	-36	-16	-22	13	-9	-29	-9	cell = 1000 to 1007
-27	-28	-63	9	-38	-8	-50	-3	cell = 1008 to 1015
-2	-4	-25	-80	-6	-37	-77	-19	cell = 1016 to 1023
Calibration values from cell 0 to 1024 for channel 7:

21	-16	0	15	47	-40	16	0	cell = 0 to 7
41	-3	75	2	18	-30	30	-29	cell = 8 to 15
46	-37	101	24	37	-12	38	17	cell = 16 to 23
61	-43	79	-41	56	-11	19	-21	cell = 24 to 31
50	16	29	8	33	19	31	-27	cell = 32 to 39
39	-26	32	-5	73	-28	21	12	cell = 40 to 47
39	11	32	-35	47	36	36	3	cell = 48 to 55
48	-21	44	0	42	-5	43	8	cell = 56 to 63
67	-31	24	-32	10	10	53	-19	cell = 64 to 71
43	-33	44	8	10	2	70	-43	cell = 72 to 79
47	-13	50	19	13	27	10	3	cell = 80 to 87
55	-9	53	2	48	0	58	-25	cell = 88 to 95
59	22	50	-31	12	0	35	-11	cell = 96 to 103
72	-18	44	23	32	-4	18	16	cell = 104 to 111
75	-20	38	20	37	-22	13	-38	cell = 112 to 119
85	-27	71	-3	47	-4	58	-2	cell = 120 to 127
-4	-32	27	-24	40	-24	18	23	cell = 128 to 135
31	16	53	-49	37	23	30	30	cell = 136 to 143
3	6	70	-23	51	-43	27	-12	cell = 144 to 151
35	-3	37	-30	77	16	13	-37	cell = 152 to 159
76	24	68	-6	65	-5	43	-25	cell = 160 to 167
42	0	54	8	27	-13	12	4	cell = 168 to 175
33	3	45	9	53	34	38	16	cell = 176 to 183
72	-14	-8	-12	82	-17	54	-22	cell = 184 to 191
72	19	41	-7	69	-25	48	-5	cell = 192 to 199
19	-26	47	6	76	-21	47	-14	cell = 200 to 207
46	-34	38	30	41	1	54	-8	cell = 208 to 215
32	-44	49	-3	27	-6	23	-19	cell = 216 to 223
28	-13	44	5	56	-10	60	0	cell = 224 to 231
24	-42	40	-16	32	-44	36	-14	cell = 232 to 239
83	-15	49	-7	41	-10	50	-17	cell = 240 to 247
40	2	70	-17	70	23	66	12	cell = 248 to 255
42	-27	69	-27	53	-32	47	8	cell = 256 to 263
19	29	86	8	21	-28	35	-43	cell = 264 to 271
30	-22	76	33	35	-40	42	-11	cell = 272 to 279
30	13	66	-31	57	-29	35	-4	cell = 280 to 287
28	-31	37	3	41	-57	28	2	cell = 288 to 295
60	-1	60	-12	55	-37	69	-11	cell = 296 to 303
-10	-17	21	-13	17	-2	56	-6	cell = 304 to 311
54	-20	7	10	28	-12	24	-46	cell = 312 to 319
67	-20	48	-8	48	3	19	-14	cell = 320 to 327
63	-16	49	13	70	-40	46	-11	cell = 328 to 335
38	8	71	39	62	16	53	-62	cell = 336 to 343
15	-5	33	-13	44	-9	23	14	cell = 344 to 351
73	1	34	-9	35	25	34	-15	cell = 352 to 359
34	17	61	-17	79	-5	60	-27	cell = 360 to 367
52	-15	52	4	39	-13	40	-32	cell = 368 to 375
37	-38	10	17	53	5	57	-17	cell = 376 to 383
43	-25	56	-7	41	-27	16	-41	cell = 384 to 391
31	-25	53	-15	-6	5	56	-7	cell = 392 to 399
81	-8	13	-2	76	-3	24	-9	cell = 400 to 407
49	14	44	-28	57	-25	73	-19	cell = 408 to 415
45	20	22	7	30	-1	70	13	cell = 416 to 423
80	-54	82	-10	68	-19	25	12	cell = 424 to 431
73	7	30	-20	55	10	3	-29	cell = 432 to 439
72	-41	31	2	48	-23	46	-11	cell = 440 to 447
45	-18	55	-23	64	-14	14	-19	cell = 448 to 455
45	-14	14	-10	29	-50	21	4	cell = 456 to 463
21	-11	72	-24	26	-35	30	18	cell = 464 to 471
75	8	16	-8	49	-23	46	-7	cell = 472 to 479
62	-3	33	15	28	-54	54	-58	cell = 480 to 487
53	27	110	-6	62	-17	8	-13	cell = 488 to 495
32	-64	-27	-70	-39	-77	-22	-64	cell = 496 to 503
73	-33	55	-38	31	0	52	-31	cell = 504 to 511
-39	-32	-3	-13	-13	-13	2	-12	cell = 512 to 519
-15	-8	-24	-15	-17	-24	12	26	cell = 520 to 527
-55	-21	-23	-15	-7	-27	-21	0	cell = 528 to 535
-8	-41	-66	6	-37	4	2	-21	cell = 536 to 543
1	5	-1	19	-24	-12	2	-45	cell = 544 to 551
-6	-23	2	-14	-25	-23	-7	-6	cell = 552 to 559
-13	-22	2	-6	21	-27	-37	-16	cell = 560 to 567
-30	-10	-16	0	-36	7	-10	-5	cell = 568 to 575
-33	-21	-69	-20	-17	2	47	20	cell = 576 to 583
-56	26	-13	-8	-14	-28	-31	-8	cell = 584 to 591
-28	-60	-2	-15	-17	-7	-43	-12	cell = 592 to 599
-24	0	21	15	2	-1	-50	-35	cell = 600 to 607
-17	21	-45	-32	-54	-9	-57	23	cell = 608 to 615
-47	1	17	-61	-45	-25	27	-85	cell = 616 to 623
-37	23	9	6	-2	14	-24	-17	cell = 624 to 631
-18	-27	9	-17	-53	-28	-45	-12	cell = 632 to 639
-2	-29	-43	-15	-18	-27	0	-17	cell = 640 to 647
-38	16	8	-5	-2	-7	-35	-14	cell = 648 to 655
-5	-27	-15	-33	-30	-33	-2	-24	cell = 656 to 663
-24	13	-20	-21	6	-2	-8	8	cell = 664 to 671
-10	-55	-43	-34	-59	-28	-40	-34	cell = 672 to 679
-18	38	18	-14	-17	-30	28	-22	cell = 680 to 687
-21	-26	-12	-46	-27	30	8	6	cell = 688 to 695
-9	20	-15	-18	-29	-27	8	0	cell = 696 to 703
11	-48	0	-22	22	7	24	12	cell = 704 to 711
2	-13	-39	5	-43	40	-4	-5	cell = 712 to 719
-6	-21	-6	0	-39	8	-43	-19	cell = 720 to 727
-27	-17	2	-24	7	-7	-32	-26	cell = 728 to 735
-2	-42	-25	-30	-24	6	7	-7	cell = 736 to 743
-17	-39	-26	-31	-57	6	-36	4	cell = 744 to 751
-40	-3	-19	-23	-67	22	-2	-13	cell = 752 to 759
-16	-33	-27	-13	-55	18	-9	-67	cell = 760 to 767
-18	-24	-10	21	-11	-13	-30	-8	cell = 768 to 775
-39	0	12	-29	-2	-3	-31	-17	cell = 776 to 783
-40	20	-41	-39	-27	-27	4	-7	cell = 784 to 791
-25	30	0	-4	-33	-22	9	-50	cell = 792 to 799
-15	-43	-52	22	-61	-3	1	-44	cell = 800 to 807
-12	18	-32	0	-37	-20	-14	12	cell = 808 to 815
-15	14	-33	-27	15	-25	15	-34	cell = 816 to 823
-9	24	-16	-22	-29	-44	30	-49	cell = 824 to 831
-23	-44	-22	-14	-34	-23	-5	6	cell = 832 to 839
-3	-35	25	-30	-19	-42	-19	16	cell = 840 to 847
-23	9	-13	-37	24	-37	-29	-18	cell = 848 to 855
-38	-3	0	1	8	-30	6	-44	cell = 856 to 863
-39	-44	22	-41	-41	-29	-14	1	cell = 864 to 871
-37	-17	-6	-24	-20	-24	6	-22	cell = 872 to 879
-16	-27	9	-25	5	1	-46	7	cell = 880 to 887
-14	-42	20	-13	-35	-35	-19	-35	cell = 888 to 895
9	-21	-24	-35	10	-35	-70	-34	cell = 896 to 903
3	-9	-4	-35	-36	-10	-20	-23	cell = 904 to 911
-49	-8	-37	-31	20	-83	2	-58	cell = 912 to 919
-37	-27	-3	-31	-6	-12	-9	-20	cell = 920 to 927
-23	-11	-43	-25	-41	-24	-17	-2	cell = 928 to 935
-17	-15	1	-17	-47	-61	-5	-36	cell = 936 to 943
-18	1	-33	-23	-24	-8	-36	-35	cell = 944 to 951
-23	-26	2	2	-57	-8	6	-22	cell = 952 to 959
9	-34	-27	-16	-5	-13	-19	-33	cell = 960 to 967
-1	-38	-9	-20	-4	-19	10	-17	cell = 968 to 975
8	-6	23	13	-31	-24	-35	6	cell = 976 to 983
2	-10	-63	-5	-17	22	8	-17	cell = 984 to 991
-32	-8	-27	-10	-64	-21	8	5	cell = 992 to 999
29	-10	-27	-34	-11	-54	-14	-24	cell = 1000 to 1007
12	-33	-53	-44	-32	-32	41	-27	cell = 1008 to 1015
4	-27	-63	6	-20	-31	-34	-35	cell = 1016 to 1023
Calibration values from cell 0 to 1024 for channel 8:

50	-5	24	28	71	-24	5	3	cell = 0 to 7
54	20	42	20	73	-7	52	17	cell = 8 to 15
25	9	15	-49	66	-13	43	16	cell = 16 to 23
27	-10	32	4	43	-13	18	-27	cell = 24 to 31
81	39	20	-7	34	16	30	34	cell = 32 to 39
44	-10	24	-26	87	0	56	-1	cell = 40 to 47
42	56	47	-14	11	-29	75	0	cell = 48 to 55
14	-17	24	7	22	13	21	-14	cell = 56 to 63
80	-19	15	-24	31	-9	1	2	cell = 64 to 71
73	-19	48	-16	37	12	43	37	cell = 72 to 79
39	-5	27	14	23	-1	50	5	cell = 80 to 87
47	-8	21	5	54	13	47	-12	cell = 88 to 95
65	6	80	-30	61	-41	19	-10	cell = 96 to 103
52	-12	61	-42	33	-18	68	0	cell = 104 to 111
48	51	28	8	1	-27	54	-2	cell = 112 to 119
50	24	73	-25	82	-26	42	-4	cell = 120 to 127
-4	16	39	24	47	-23	42	-2	cell = 128 to 135
43	2	17	37	39	-15	20	-4	cell = 136 to 143
83	-44	36	-26	77	-33	71	-23	cell = 144 to 151
53	40	14	-30	56	-41	32	-21	cell = 152 to 159
24	-11	27	12	42	14	69	5	cell = 160 to 167
69	9	88	-38	31	12	57	25	cell = 168 to 175
38	44	29	-2	62	5	55	1	cell = 176 to 183
-8	-39	24	32	52	2	36	-22	cell = 184 to 191
42	0	42	4	62	-32	34	29	cell = 192 to 199
53	5	38	-2	42	-24	37	21	cell = 200 to 207
73	-3	25	22	-13	8	43	-21	cell = 208 to 215
39	-14	44	-5	33	9	45	18	cell = 216 to 223
9	-21	21	-16	54	3	28	6	cell = 224 to 231
46	9	33	27	56	-8	16	10	cell = 232 to 239
90	-35	30	-24	61	6	29	-34	cell = 240 to 247
18	-18	40	-21	74	-11	41	16	cell = 248 to 255
24	7	32	-29	73	37	52	-16	cell = 256 to 263
79	-25	-2	-28	90	-20	50	19	cell = 264 to 271
55	-23	46	19	38	-9	48	10	cell = 272 to 279
56	-12	48	23	58	-10	57	25	cell = 280 to 287
40	6	87	39	50	7	32	-9	cell = 288 to 295
17	-19	45	28	45	7	74	-29	cell = 296 to 303
11	8	1	-21	64	-13	26	38	cell = 304 to 311
55	26	35	29	45	-23	93	5	cell = 312 to 319
11	-12	16	-13	-1	1	-9	-32	cell = 320 to 327
40	-25	36	10	10	10	41	-4	cell = 328 to 335
93	7	60	-51	44	-16	12	11	cell = 336 to 343
57	-18	47	-17	74	19	72	44	cell = 344 to 351
26	-15	5	-23	40	-15	41	18	cell = 352 to 359
56	-43	26	2	19	-63	11	13	cell = 360 to 367
58	-13	48	6	35	11	54	-14	cell = 368 to 375
34	2	83	-30	56	-21	37	7	cell = 376 to 383
65	-35	32	7	35	-39	5	16	cell = 384 to 391
28	9	35	-5	21	-6	58	0	cell = 392 to 399
48	-46	25	-2	22	-8	17	-10	cell = 400 to 407
61	-13	35	3	74	19	57	3	cell = 408 to 415
46	-12	27	39	67	-19	30	-27	cell = 416 to 423
68	-24	51	55	44	6	77	0	cell = 424 to 431
24	2	36	2	61	6	22	-8	cell = 432 to 439
20	0	60	-24	24	1	63	-12	cell = 440 to 447
20	29	36	-21	29	14	41	0	cell = 448 to 455
85	-10	32	-21	23	-7	61	10	cell = 456 to 463
62	20	70	-5	52	64	16	12	cell = 464 to 471
32	-22	18	-19	11	30	10	15	cell = 472 to 479
44	17	83	-24	35	0	25	-6	cell = 480 to 487
15	-35	20	-23	36	-23	53	1	cell = 488 to 495
57	-21	-9	-64	-70	-110	-29	-54	cell = 496 to 503
42	14	54	-23	29	-32	32	-12	cell = 504 to 511
-5	-18	-25	-27	-29	-41	-33	-20	cell = 512 to 519
-53	-26	-29	-34	-57	-16	-22	-39	cell = 520 to 527
-35	-2	-22	-30	-31	-16	-28	-30	cell = 528 to 535
12	-50	30	2	-37	-12	-6	16	cell = 536 to 543
-30	-15	-6	-25	7	-42	-5	3	cell = 544 to 551
-19	8	2	1	10	5	14	-16	cell = 552 to 559
-27	-21	-38	-12	-23	15	-80	-20	cell = 560 to 567
25	-7	-17	-39	-12	-42	16	-27	cell = 568 to 575
-42	10	-6	-27	-55	-5	-14	-19	cell = 576 to 583
-66	-48	-34	-23	-25	-31	4	-7	cell = 584 to 591
-4	-35	0	-8	1	-27	15	19	cell = 592 to 599
-18	-16	19	48	-3	-21	-6	-27	cell = 600 to 607
-32	-16	-25	-20	-10	-25	-49	-18	cell = 608 to 615
-21	-47	-22	-6	-21	-63	-30	6	cell = 616 to 623
0	17	-36	-50	-60	-45	-23	-17	cell = 624 to 631
-18	-20	-27	-25	-5	-17	-4	14	cell = 632 to 639
-49	-3	-22	-20	-30	-13	-41	-8	cell = 640 to 647
-41	-4	-56	25	-36	-15	-31	26	cell = 648 to 655
26	-14	-35	-13	-9	13	5	-14	cell = 656 to 663
-43	-23	-39	-17	20	-4	27	-38	cell = 664 to 671
16	12	-31	-19	-47	-23	31	-4	cell = 672 to 679
-45	-18	-43	-51	-5	-10	-16	-29	cell = 680 to 687
-10	-29	18	8	-14	12	-59	21	cell = 688 to 695
-43	24	-48	-43	-33	-8	-16	-48	cell = 696 to 703
2	-6	-34	23	-34	8	-38	-20	cell = 704 to 711
14	-8	-33	6	-4	24	-42	13	cell = 712 to 719
-44	-8	12	20	-63	40	12	-23	cell = 720 to 727
8	-20	-68	-14	-29	14	-32	-8	cell = 728 to 735
-21	-5	-18	-36	-38	-8	-19	-12	cell = 736 to 743
-8	-3	-31	11	-27	-27	-72	-44	cell = 744 to 751
-7	-31	11	-3	0	4	-42	-35	cell = 752 to 759
-10	-31	-12	-19	-8	-16	-28	8	cell = 760 to 767
-29	-26	-70	-36	-33	-44	-18	10	cell = 768 to 775
-41	-26	-19	-24	-9	-26	2	-25	cell = 776 to 783
-59	-14	-24	-53	-10	-12	-5	-52	cell = 784 to 791
1	2	-8	-16	-40	-40	-25	-8	cell = 792 to 799
-23	-11	2	-51	5	-47	-16	3	cell = 800 to 807
-9	-28	-45	-2	-5	-22	-31	-28	cell = 808 to 815
-31	22	6	-18	6	-24	-50	14	cell = 816 to 823
11	-22	6	-36	10	-32	-1	-82	cell = 824 to 831
-36	-6	-13	-1	-37	-70	-62	-36	cell = 832 to 839
-17	7	-21	-45	-24	-41	-30	-67	cell = 840 to 847
-24	7	1	-27	-53	-14	-36	-43	cell = 848 to 855
-5	-38	-22	-33	0	-31	-42	-24	cell = 856 to 863
-43	-6	-44	-47	-48	-14	-17	-9	cell = 864 to 871
-20	-24	10	-33	-21	-43	-23	21	cell = 872 to 879
-26	-18	-5	-14	-50	-35	14	18	cell = 880 to 887
-27	-11	7	10	-24	20	-27	-42	cell = 888 to 895
-25	11	-44	-22	-35	-31	-19	-24	cell = 896 to 903
-52	-10	-45	-38	33	-17	-18	-17	cell = 904 to 911
-29	7	12	4	23	9	-26	-14	cell = 912 to 919
-5	7	-10	-13	-3	-25	-31	-52	cell = 920 to 927
-7	18	-49	9	-31	-19	-22	23	cell = 928 to 935
6	7	-12	-19	-19	-16	-17	-58	cell = 936 to 943
-35	22	-15	2	-18	11	-23	20	cell = 944 to 951
-18	-4	-29	-3	-17	8	-32	-12	cell = 952 to 959
0	-46	-35	-24	-19	-37	-30	-18	cell = 960 to 967
-16	4	-26	-29	-33	17	-13	-18	cell = 968 to 975
8	0	-69	-36	-47	-19	-49	-35	cell = 976 to 983
-19	-48	-17	-30	-52	-7	-16	-24	cell = 984 to 991
-28	-20	-31	-17	-42	-52	-32	-33	cell = 992 to 999
-17	-26	-39	-24	-35	0	21	-38	cell = 1000 to 1007
-2	-48	-68	-82	-43	-42	-22	-21	cell = 1008 to 1015
-8	-15	-43	-44	-61	9	-23	-31	cell = 1016 to 1023
