Calibration values from cell 0 to 1024 for channel 0:

43	-1	22	-13	25	-49	67	18	cell = 0 to 7
23	-21	16	0	49	-14	58	-16	cell = 8 to 15
14	-28	41	4	44	-2	63	-39	cell = 16 to 23
42	-5	50	-12	58	-18	59	15	cell = 24 to 31
25	-10	69	-32	88	14	53	-9	cell = 32 to 39
50	-6	64	-14	15	20	62	34	cell = 40 to 47
43	2	17	-26	45	-8	46	-11	cell = 48 to 55
46	-10	26	25	30	37	39	-38	cell = 56 to 63
20	9	27	-12	62	-35	35	33	cell = 64 to 71
66	16	51	-26	40	-12	56	14	cell = 72 to 79
9	-23	53	1	25	-11	27	3	cell = 80 to 87
16	-12	41	4	21	-25	18	25	cell = 88 to 95
30	-14	28	-35	32	-28	45	-21	cell = 96 to 103
-5	-5	29	27	40	-35	45	-20	cell = 104 to 111
9	-18	-4	-10	42	-20	33	31	cell = 112 to 119
16	13	50	-7	31	8	14	-34	cell = 120 to 127
55	16	44	-5	41	-3	20	-24	cell = 128 to 135
59	-61	31	-16	53	13	84	2	cell = 136 to 143
24	-10	84	-5	37	9	74	-26	cell = 144 to 151
45	-9	56	14	58	2	53	14	cell = 152 to 159
28	32	52	5	62	4	49	26	cell = 160 to 167
65	-29	1	-19	66	-13	61	-42	cell = 168 to 175
25	-20	38	14	54	-17	48	-44	cell = 176 to 183
43	-50	57	-4	24	2	19	-24	cell = 184 to 191
47	22	79	-8	66	-7	52	-6	cell = 192 to 199
51	11	62	4	50	-23	20	7	cell = 200 to 207
38	-17	50	16	63	20	10	-35	cell = 208 to 215
20	22	66	17	1	10	61	0	cell = 216 to 223
88	9	27	10	55	9	31	-33	cell = 224 to 231
34	29	23	-38	43	-41	31	8	cell = 232 to 239
26	-12	79	13	50	-17	58	8	cell = 240 to 247
62	-37	22	5	35	13	39	-1	cell = 248 to 255
51	7	39	-3	72	10	68	22	cell = 256 to 263
25	-6	24	-7	26	-16	43	-34	cell = 264 to 271
29	-23	46	-25	43	-30	56	1	cell = 272 to 279
-6	9	12	16	28	-17	38	41	cell = 280 to 287
47	-31	49	-39	64	37	58	-14	cell = 288 to 295
35	45	71	1	41	-24	48	16	cell = 296 to 303
10	3	24	-23	46	-6	11	17	cell = 304 to 311
65	-9	0	-31	33	20	24	-23	cell = 312 to 319
41	-34	22	-6	50	8	36	-13	cell = 320 to 327
59	-27	69	25	49	-17	81	-13	cell = 328 to 335
37	-12	56	4	3	-27	53	16	cell = 336 to 343
62	-3	63	-51	52	-35	20	-13	cell = 344 to 351
53	15	64	-9	54	-53	44	-12	cell = 352 to 359
50	-23	24	15	11	-17	58	-11	cell = 360 to 367
38	-5	60	-17	39	22	51	15	cell = 368 to 375
69	-5	48	9	50	20	57	-14	cell = 376 to 383
22	29	47	3	42	1	35	-36	cell = 384 to 391
29	17	57	3	40	23	49	-8	cell = 392 to 399
42	-9	33	15	42	-36	12	38	cell = 400 to 407
59	-17	21	4	48	30	42	2	cell = 408 to 415
66	-37	3	34	12	1	60	-43	cell = 416 to 423
1	-3	68	20	25	-4	25	0	cell = 424 to 431
20	-2	45	14	17	-7	52	0	cell = 432 to 439
43	18	5	-12	26	-12	52	-26	cell = 440 to 447
4	12	65	19	1	23	47	4	cell = 448 to 455
15	37	44	35	47	31	8	-21	cell = 456 to 463
39	-26	42	-6	45	-12	76	-5	cell = 464 to 471
45	-32	51	-11	62	-14	15	-29	cell = 472 to 479
21	37	56	11	29	7	41	14	cell = 480 to 487
14	-5	21	0	65	17	51	-12	cell = 488 to 495
69	-6	-11	-93	-48	-67	-24	-85	cell = 496 to 503
66	24	4	-33	42	-2	59	7	cell = 504 to 511
-22	-41	-56	-14	-48	-26	-23	-3	cell = 512 to 519
-9	-46	-46	-46	5	-25	-22	6	cell = 520 to 527
-54	-10	-26	-19	-14	10	15	14	cell = 528 to 535
-23	0	-11	-10	1	-60	-10	-3	cell = 536 to 543
-13	-15	-12	-44	4	-17	-53	4	cell = 544 to 551
19	-26	-36	-5	-23	-25	-68	-14	cell = 552 to 559
-18	-25	-22	-26	-18	-19	9	-5	cell = 560 to 567
-10	-26	-59	9	-81	-26	0	-11	cell = 568 to 575
-17	-28	-26	-16	-30	-43	-35	-29	cell = 576 to 583
-25	-19	-16	-8	-39	2	-16	-19	cell = 584 to 591
15	5	-8	17	-25	-11	9	-25	cell = 592 to 599
-50	-35	-57	-21	-31	1	-61	-5	cell = 600 to 607
-8	-6	-11	-24	-29	-14	-30	-37	cell = 608 to 615
6	-9	-9	-47	-10	-7	-7	12	cell = 616 to 623
-25	-10	-16	-48	-28	-10	-41	25	cell = 624 to 631
9	-7	5	-15	-1	-23	-24	-46	cell = 632 to 639
-79	-39	-58	-37	-41	-36	-37	-30	cell = 640 to 647
-17	-23	-71	-20	51	9	5	-50	cell = 648 to 655
-26	3	-20	-17	-11	-8	-25	-4	cell = 656 to 663
-53	-2	2	32	-6	0	-14	-65	cell = 664 to 671
-13	-22	-46	-14	-17	-3	28	-23	cell = 672 to 679
6	-17	-58	1	-41	32	18	-48	cell = 680 to 687
-16	19	-3	-9	15	-14	-39	-11	cell = 688 to 695
-22	-8	-22	-51	-32	16	-10	-8	cell = 696 to 703
-32	-40	-3	-12	-43	-17	-26	-45	cell = 704 to 711
-24	-38	-47	-8	-63	14	-42	-52	cell = 712 to 719
-28	-13	13	-16	-39	6	-47	-16	cell = 720 to 727
-1	-12	-27	17	4	22	-10	-11	cell = 728 to 735
-2	-23	-19	-23	-26	5	-19	-39	cell = 736 to 743
2	-55	-25	-20	-32	-27	-17	-37	cell = 744 to 751
-30	13	8	-20	0	-38	-7	20	cell = 752 to 759
6	-19	-16	-10	27	-31	-41	-4	cell = 760 to 767
-1	-37	-12	6	2	-30	-22	-26	cell = 768 to 775
-12	0	-45	-3	21	13	-20	24	cell = 776 to 783
-39	8	-43	-13	12	-81	-38	-47	cell = 784 to 791
-5	-21	4	-18	-35	-4	-45	-30	cell = 792 to 799
-18	-26	-11	-50	-29	-9	-32	0	cell = 800 to 807
12	29	4	-43	-45	-36	-45	-7	cell = 808 to 815
-16	-14	0	-13	-4	-39	0	-44	cell = 816 to 823
8	11	-29	16	-7	2	-9	-11	cell = 824 to 831
-35	-27	-46	13	-18	-17	-21	-15	cell = 832 to 839
-10	-43	-22	-12	-1	-39	-18	6	cell = 840 to 847
-47	-38	-3	2	-22	12	-37	-26	cell = 848 to 855
-1	12	-14	46	-18	-40	-25	-16	cell = 856 to 863
4	9	-30	-31	-3	-21	-27	25	cell = 864 to 871
-36	-25	-11	-29	-28	18	20	-9	cell = 872 to 879
-5	-18	-31	-2	-17	0	-37	45	cell = 880 to 887
-7	-34	-19	-12	-17	-32	10	-18	cell = 888 to 895
-46	-33	25	-4	-32	-41	-8	19	cell = 896 to 903
-46	-17	-35	-69	21	-12	-35	-10	cell = 904 to 911
-20	-41	-27	-18	-45	19	-13	10	cell = 912 to 919
-4	-19	-32	-37	-43	-8	-24	32	cell = 920 to 927
12	-18	-30	-11	-28	2	-19	-11	cell = 928 to 935
-14	-1	-15	-48	16	38	-57	-35	cell = 936 to 943
-23	-7	-12	18	-43	-41	-17	-11	cell = 944 to 951
-13	-33	-19	-2	3	-48	0	6	cell = 952 to 959
-18	-12	-25	-10	-7	-26	22	-1	cell = 960 to 967
-28	-14	24	-53	-49	-5	-34	-28	cell = 968 to 975
-36	12	-29	-28	-17	-43	-3	-14	cell = 976 to 983
-27	-30	-48	-18	-36	-23	15	-32	cell = 984 to 991
-69	-5	10	8	-8	-11	-40	-13	cell = 992 to 999
-5	19	-51	-10	-15	-26	-39	-19	cell = 1000 to 1007
-20	-66	-10	-34	-21	-25	-43	-25	cell = 1008 to 1015
-27	-20	-41	-3	-39	-81	-18	-52	cell = 1016 to 1023
Calibration values from cell 0 to 1024 for channel 1:

9	16	44	8	19	16	47	-31	cell = 0 to 7
38	-17	59	-33	49	-9	51	-13	cell = 8 to 15
57	-10	53	-1	14	12	32	-14	cell = 16 to 23
52	-3	52	16	75	-8	40	5	cell = 24 to 31
32	0	-9	-10	49	-20	40	15	cell = 32 to 39
22	-18	16	-25	41	28	51	-4	cell = 40 to 47
64	14	47	2	56	-31	2	18	cell = 48 to 55
65	19	75	-48	44	7	65	1	cell = 56 to 63
50	10	37	-22	19	-33	49	4	cell = 64 to 71
64	29	58	-9	33	11	46	21	cell = 72 to 79
73	11	18	21	8	3	34	-7	cell = 80 to 87
27	-26	82	-23	70	2	50	-26	cell = 88 to 95
44	-30	54	-18	14	30	27	-17	cell = 96 to 103
66	-37	76	2	58	-26	60	2	cell = 104 to 111
4	-49	28	-32	45	-28	17	2	cell = 112 to 119
19	18	53	-18	15	-14	40	15	cell = 120 to 127
46	-5	43	7	29	-46	52	5	cell = 128 to 135
31	-22	29	10	42	-41	22	10	cell = 136 to 143
42	8	27	-51	30	-5	34	-71	cell = 144 to 151
55	-6	68	37	28	3	54	-7	cell = 152 to 159
45	16	53	-17	38	9	55	-41	cell = 160 to 167
69	8	46	-25	59	17	62	-17	cell = 168 to 175
13	-11	38	-8	52	44	60	-24	cell = 176 to 183
57	44	50	-14	75	-23	55	24	cell = 184 to 191
19	5	54	-12	33	-9	92	9	cell = 192 to 199
33	-6	89	-27	34	-20	24	8	cell = 200 to 207
45	-21	6	-8	47	0	54	-20	cell = 208 to 215
44	-8	35	-4	33	-8	57	10	cell = 216 to 223
46	-19	23	5	41	24	47	22	cell = 224 to 231
49	-9	42	2	22	7	49	-25	cell = 232 to 239
-7	30	33	21	14	27	28	-48	cell = 240 to 247
38	-10	23	-3	46	-33	57	-43	cell = 248 to 255
47	7	38	-26	19	-2	6	20	cell = 256 to 263
45	5	33	-23	29	-4	29	-12	cell = 264 to 271
47	-15	44	-12	60	-15	58	-36	cell = 272 to 279
40	-17	53	-18	1	43	33	9	cell = 280 to 287
26	-15	54	-27	33	-15	9	23	cell = 288 to 295
45	20	65	-19	26	58	19	-9	cell = 296 to 303
74	33	18	-16	24	-21	50	2	cell = 304 to 311
38	-5	50	-20	60	-10	42	11	cell = 312 to 319
7	-4	48	-21	43	19	29	-15	cell = 320 to 327
38	30	36	8	-5	-37	35	-15	cell = 328 to 335
68	-18	3	11	49	-14	113	-2	cell = 336 to 343
69	0	65	-27	46	14	44	-9	cell = 344 to 351
97	35	52	-28	15	-46	54	-6	cell = 352 to 359
37	4	54	-55	33	-23	45	7	cell = 360 to 367
35	-33	56	-45	4	-9	37	32	cell = 368 to 375
62	-30	44	3	16	-25	29	-27	cell = 376 to 383
63	11	69	-18	29	10	53	-20	cell = 384 to 391
14	-31	60	13	64	0	53	-36	cell = 392 to 399
43	9	53	8	46	-14	55	-9	cell = 400 to 407
35	6	30	24	61	-18	23	11	cell = 408 to 415
58	-11	19	-2	73	-4	41	22	cell = 416 to 423
39	-21	58	-49	26	26	21	-13	cell = 424 to 431
66	-11	31	28	43	-35	4	-16	cell = 432 to 439
29	-21	63	-37	25	-13	40	-9	cell = 440 to 447
37	-10	69	-5	49	-24	44	-51	cell = 448 to 455
35	-6	14	6	43	-24	15	-26	cell = 456 to 463
53	16	86	-10	31	-84	57	-2	cell = 464 to 471
57	-33	68	-5	28	31	46	-35	cell = 472 to 479
51	-10	-3	-2	36	-9	69	18	cell = 480 to 487
36	-6	62	-23	60	16	52	-4	cell = 488 to 495
25	26	-50	-69	-16	-78	-7	-35	cell = 496 to 503
71	0	59	-42	46	14	49	-14	cell = 504 to 511
-20	-21	-6	-31	-45	-29	-11	-14	cell = 512 to 519
-66	6	1	-15	0	-39	-86	-38	cell = 520 to 527
12	-3	-27	11	-60	-30	-38	3	cell = 528 to 535
-12	7	-32	-55	-17	-39	-37	-43	cell = 536 to 543
-21	43	-5	-13	4	-37	-14	2	cell = 544 to 551
-22	8	-22	-39	-21	-15	10	-13	cell = 552 to 559
-13	-34	7	-24	18	-22	-6	-70	cell = 560 to 567
-28	-59	-46	23	1	3	-40	-10	cell = 568 to 575
-25	-31	-24	-18	0	-30	-13	7	cell = 576 to 583
-23	5	-35	-17	-18	-52	-17	-16	cell = 584 to 591
-23	6	-53	-19	9	-2	-20	-30	cell = 592 to 599
-10	-45	-14	18	-11	-31	-19	-7	cell = 600 to 607
-30	-15	-48	-5	-31	-33	0	-48	cell = 608 to 615
-15	-7	-26	-11	-28	-13	0	-21	cell = 616 to 623
23	-50	-13	8	5	2	1	-3	cell = 624 to 631
-59	-32	-16	-11	-19	11	-22	-44	cell = 632 to 639
3	-2	-10	0	-44	-12	12	-28	cell = 640 to 647
33	8	-50	-35	-45	-49	13	-24	cell = 648 to 655
6	-31	-15	-19	-31	-7	1	-5	cell = 656 to 663
-4	-24	-2	-16	-3	-14	-37	-50	cell = 664 to 671
-4	-34	-41	-29	-2	-21	-11	-10	cell = 672 to 679
-9	-7	-3	-16	-32	-37	-11	-20	cell = 680 to 687
-6	-6	-27	15	-9	-40	-45	-24	cell = 688 to 695
-46	-28	-50	-19	-23	1	-8	-22	cell = 696 to 703
-35	-12	-31	8	-7	-52	-36	-13	cell = 704 to 711
-8	-6	0	-42	-3	-44	-30	-35	cell = 712 to 719
8	9	-6	1	-28	4	-22	-39	cell = 720 to 727
21	-13	-29	-4	-42	6	-14	39	cell = 728 to 735
-14	-31	-32	-28	-13	-30	-16	-37	cell = 736 to 743
-39	-40	-25	-28	-43	-20	-8	-31	cell = 744 to 751
-20	-9	-27	-3	12	-34	-13	-30	cell = 752 to 759
-18	-30	21	-15	-59	-46	-14	-6	cell = 760 to 767
-28	6	-29	-30	-15	4	-16	-11	cell = 768 to 775
-55	-47	8	8	-21	-26	-30	3	cell = 776 to 783
7	-37	18	7	6	5	-25	-29	cell = 784 to 791
15	-23	-36	-1	10	1	-8	-5	cell = 792 to 799
-44	-11	-32	-40	-17	-2	-22	-30	cell = 800 to 807
-34	-40	-27	-6	-5	36	-4	16	cell = 808 to 815
-30	-15	-7	-48	15	-20	-11	-13	cell = 816 to 823
10	3	-22	1	-3	-38	-10	-91	cell = 824 to 831
-44	-43	-16	19	13	-27	-35	1	cell = 832 to 839
-18	-15	-13	2	-28	-36	8	-15	cell = 840 to 847
-13	-18	-48	-18	-17	-24	-58	0	cell = 848 to 855
-12	-30	-30	-3	-14	-8	8	-6	cell = 856 to 863
8	5	22	-12	-62	-17	12	-43	cell = 864 to 871
-21	-28	-29	-26	-42	-6	-6	7	cell = 872 to 879
-9	-7	-9	-12	-22	-20	-35	-28	cell = 880 to 887
-1	-14	-10	-12	-22	-5	3	-16	cell = 888 to 895
-18	-46	-55	-45	-10	25	-26	-63	cell = 896 to 903
-79	-25	-30	18	-21	18	-60	-30	cell = 904 to 911
-5	-27	-17	-13	2	-24	-34	-11	cell = 912 to 919
-21	-46	-29	-1	-12	-6	-15	-13	cell = 920 to 927
-5	24	-15	-20	3	-7	12	-7	cell = 928 to 935
-16	-4	11	-16	14	23	-35	-21	cell = 936 to 943
-37	-15	10	-59	21	-6	-14	-5	cell = 944 to 951
15	17	-16	-13	-31	-31	-62	-10	cell = 952 to 959
3	-33	-35	13	4	15	-56	18	cell = 960 to 967
-57	0	-19	-19	-10	-50	-7	-33	cell = 968 to 975
-35	-63	-42	-28	-12	-47	-15	-32	cell = 976 to 983
4	-16	-2	-11	-38	0	12	-41	cell = 984 to 991
-11	-10	-47	-8	-29	4	-32	-14	cell = 992 to 999
11	-26	-49	0	-5	-10	5	-14	cell = 1000 to 1007
-29	-38	-3	-63	-45	-17	-36	-13	cell = 1008 to 1015
18	-28	-56	4	-8	0	-31	-11	cell = 1016 to 1023
Calibration values from cell 0 to 1024 for channel 2:

52	13	63	-15	18	-11	10	-9	cell = 0 to 7
27	23	63	-15	34	-8	63	-27	cell = 8 to 15
42	-17	45	-38	32	8	69	0	cell = 16 to 23
-8	-19	49	-12	27	-13	44	-27	cell = 24 to 31
27	-7	67	-56	43	-39	81	-20	cell = 32 to 39
16	14	30	-1	36	-21	65	5	cell = 40 to 47
28	-36	50	-15	34	-8	61	-21	cell = 48 to 55
43	0	33	-16	12	0	31	14	cell = 56 to 63
65	33	32	4	41	0	25	-18	cell = 64 to 71
-15	-6	24	-33	54	5	40	27	cell = 72 to 79
58	1	76	-14	35	14	26	10	cell = 80 to 87
2	21	29	15	87	17	65	-29	cell = 88 to 95
57	-16	53	-3	67	17	52	-2	cell = 96 to 103
54	11	31	-9	40	-37	67	-51	cell = 104 to 111
-3	-3	19	-7	16	-42	43	-27	cell = 112 to 119
75	1	77	-21	4	1	74	3	cell = 120 to 127
31	7	43	-12	54	-14	59	-13	cell = 128 to 135
32	14	57	1	28	14	19	-31	cell = 136 to 143
53	30	17	14	56	-21	75	2	cell = 144 to 151
33	33	66	-9	33	17	7	-13	cell = 152 to 159
68	20	8	-43	39	-55	50	-49	cell = 160 to 167
46	12	24	-2	41	-21	86	9	cell = 168 to 175
-15	18	33	-40	56	8	94	24	cell = 176 to 183
75	-2	26	1	63	-8	24	-6	cell = 184 to 191
22	0	24	-14	52	6	82	-21	cell = 192 to 199
63	-9	40	-14	64	4	34	-5	cell = 200 to 207
33	-15	29	-9	25	-6	83	18	cell = 208 to 215
80	-19	72	16	-16	-7	53	25	cell = 216 to 223
7	-19	19	-8	30	-22	75	-1	cell = 224 to 231
48	24	7	-9	35	-10	70	7	cell = 232 to 239
37	0	79	10	73	-17	69	21	cell = 240 to 247
2	28	18	-17	18	-21	-4	-10	cell = 248 to 255
33	28	16	-3	34	0	40	-42	cell = 256 to 263
48	-36	46	-18	27	8	51	2	cell = 264 to 271
0	2	56	25	61	41	62	32	cell = 272 to 279
54	-9	49	-21	43	17	38	2	cell = 280 to 287
71	-20	99	-17	68	-17	69	6	cell = 288 to 295
57	20	31	4	17	2	43	-33	cell = 296 to 303
36	-34	29	-10	41	19	48	-19	cell = 304 to 311
44	-21	51	-2	15	23	68	-43	cell = 312 to 319
41	-34	16	-6	42	-23	57	-51	cell = 320 to 327
19	-9	33	1	70	0	1	-41	cell = 328 to 335
27	-16	84	-19	52	-20	59	29	cell = 336 to 343
30	10	36	6	21	-35	90	-27	cell = 344 to 351
15	-27	41	-11	55	18	74	-11	cell = 352 to 359
60	38	99	-21	55	-43	29	-4	cell = 360 to 367
16	7	29	-14	-6	-5	9	-8	cell = 368 to 375
58	2	53	-4	53	14	24	-33	cell = 376 to 383
-8	-26	17	8	20	-30	46	6	cell = 384 to 391
12	5	15	11	57	-42	32	11	cell = 392 to 399
71	3	-13	-27	47	17	31	6	cell = 400 to 407
99	-4	77	-5	52	-29	51	21	cell = 408 to 415
74	-2	44	-9	98	-5	27	1	cell = 416 to 423
42	31	84	6	14	-26	57	1	cell = 424 to 431
15	-29	19	31	41	-10	35	0	cell = 432 to 439
78	-18	67	20	51	-4	45	-24	cell = 440 to 447
47	20	49	0	9	-51	45	7	cell = 448 to 455
17	12	62	-45	25	-37	59	7	cell = 456 to 463
63	-16	49	-49	6	3	52	-1	cell = 464 to 471
39	11	40	-36	126	-20	36	-25	cell = 472 to 479
78	12	42	19	40	-3	75	-37	cell = 480 to 487
18	2	31	-30	70	-6	48	31	cell = 488 to 495
29	35	10	-82	-14	-88	-17	-59	cell = 496 to 503
88	-12	31	-28	29	-4	44	-27	cell = 504 to 511
25	4	-58	0	-55	-13	10	5	cell = 512 to 519
-68	1	-18	-40	-23	-17	6	-46	cell = 520 to 527
-12	-53	12	-2	-9	-17	4	6	cell = 528 to 535
10	-3	-5	5	-25	2	10	-13	cell = 536 to 543
-26	-10	-30	-42	-12	17	-13	-19	cell = 544 to 551
7	-15	27	-21	-9	-51	-30	-29	cell = 552 to 559
30	4	12	-16	-14	10	-18	-36	cell = 560 to 567
-14	18	8	0	-18	-11	-16	-31	cell = 568 to 575
-5	0	-16	-15	24	-31	-43	-19	cell = 576 to 583
2	-12	-45	-44	-36	-14	-31	22	cell = 584 to 591
10	-16	-32	-46	-76	-13	-7	-32	cell = 592 to 599
-18	-46	-22	9	2	-22	-19	-24	cell = 600 to 607
-30	-24	-13	0	-1	-37	-6	1	cell = 608 to 615
6	-41	-21	-35	-20	-46	-39	22	cell = 616 to 623
-5	-15	-12	11	-15	-9	-34	-5	cell = 624 to 631
-12	-27	-30	-39	-22	-54	-30	-18	cell = 632 to 639
-14	-20	-24	-18	-8	-55	-10	-51	cell = 640 to 647
-21	-62	-4	-44	8	-25	5	-39	cell = 648 to 655
-20	-43	-25	-24	-18	-39	-29	19	cell = 656 to 663
-37	-15	-45	-24	6	6	-27	-39	cell = 664 to 671
-28	-26	4	-10	-2	20	-7	19	cell = 672 to 679
-24	-32	-5	-13	-15	-14	-21	29	cell = 680 to 687
-18	-9	-31	-10	0	-26	-38	-38	cell = 688 to 695
-26	-10	-50	-16	-22	-52	-16	-12	cell = 696 to 703
9	-8	-42	-64	-51	-36	-51	-3	cell = 704 to 711
-4	-3	-51	-2	-10	-26	8	-43	cell = 712 to 719
-43	-24	-18	-10	-36	1	7	3	cell = 720 to 727
-3	6	-19	-24	-34	-30	-7	-58	cell = 728 to 735
1	-19	5	-33	-23	-26	-5	11	cell = 736 to 743
-2	-24	-13	0	-31	-6	-33	-18	cell = 744 to 751
-32	5	-36	14	-20	-23	-29	-65	cell = 752 to 759
3	-13	-33	5	-41	-28	18	-14	cell = 760 to 767
-44	-71	-39	-45	-30	-58	-16	-3	cell = 768 to 775
-21	-20	-37	-26	-40	-12	-55	6	cell = 776 to 783
-8	11	-28	15	-30	-33	-3	9	cell = 784 to 791
-21	10	1	12	-66	4	-33	-14	cell = 792 to 799
-16	-20	-25	-22	5	5	-18	8	cell = 800 to 807
-30	-11	-32	-34	11	-2	-42	-32	cell = 808 to 815
-11	2	-78	5	-8	-14	24	-10	cell = 816 to 823
-34	-6	-4	22	-16	-23	2	-46	cell = 824 to 831
13	-26	-10	17	-28	3	-64	31	cell = 832 to 839
-5	-34	-16	-57	2	-57	-7	-8	cell = 840 to 847
-24	-19	6	-25	-10	-31	-6	-43	cell = 848 to 855
-18	-33	-37	-46	-24	-36	3	-58	cell = 856 to 863
-26	0	5	0	-5	-17	-9	3	cell = 864 to 871
-16	-20	-29	-19	-40	-61	-26	-24	cell = 872 to 879
-35	-29	-6	5	-3	-58	-24	-13	cell = 880 to 887
-4	-13	-11	-5	4	22	5	-10	cell = 888 to 895
11	-33	-28	-1	-10	-15	-21	-7	cell = 896 to 903
-41	2	-18	-31	-9	-37	-35	-52	cell = 904 to 911
-36	-16	26	-37	-29	-5	-49	-50	cell = 912 to 919
2	-45	4	-21	-22	-42	-24	-18	cell = 920 to 927
3	-15	4	1	-24	-51	-4	-13	cell = 928 to 935
4	-22	-38	-25	-20	-2	-39	5	cell = 936 to 943
-32	-11	-23	-29	-5	-49	-16	6	cell = 944 to 951
3	-63	9	-24	17	-6	-29	-15	cell = 952 to 959
-28	-7	-52	-76	-1	-46	-13	-13	cell = 960 to 967
20	-26	-3	-39	-52	-2	-13	-34	cell = 968 to 975
-16	-51	-14	-44	-34	-13	-31	-8	cell = 976 to 983
18	-15	11	-13	-11	-42	-23	-37	cell = 984 to 991
7	-18	-10	0	-31	-27	-3	-41	cell = 992 to 999
-12	-35	16	-21	-58	1	-15	-15	cell = 1000 to 1007
-45	-16	-54	-57	-5	-28	-30	-2	cell = 1008 to 1015
-22	-10	4	-53	-25	4	-6	-12	cell = 1016 to 1023
Calibration values from cell 0 to 1024 for channel 3:

33	5	46	-34	49	-31	47	-12	cell = 0 to 7
47	-19	26	-19	60	-19	35	-16	cell = 8 to 15
37	-33	42	0	59	22	45	-16	cell = 16 to 23
54	-45	40	-40	69	-16	20	-6	cell = 24 to 31
89	20	49	10	0	-2	73	-2	cell = 32 to 39
36	1	72	1	46	-26	22	-26	cell = 40 to 47
4	11	65	-43	11	-14	52	8	cell = 48 to 55
54	33	27	-17	45	-30	5	-4	cell = 56 to 63
58	2	66	-33	32	-40	25	-6	cell = 64 to 71
33	8	68	-8	61	-31	31	-1	cell = 72 to 79
60	-41	67	-20	26	-23	66	3	cell = 80 to 87
54	-15	46	-19	29	-19	76	-25	cell = 88 to 95
20	7	43	-4	64	-6	8	-54	cell = 96 to 103
52	-50	66	4	53	-3	22	0	cell = 104 to 111
51	1	67	5	12	3	63	-46	cell = 112 to 119
42	35	29	-9	43	4	44	-49	cell = 120 to 127
39	-16	64	-20	21	-42	13	-2	cell = 128 to 135
48	-50	47	32	26	34	19	14	cell = 136 to 143
0	4	74	-19	41	12	37	-37	cell = 144 to 151
65	-31	58	13	74	-29	23	-38	cell = 152 to 159
90	-14	54	-5	47	14	17	19	cell = 160 to 167
45	-38	34	5	28	-2	31	-49	cell = 168 to 175
33	10	68	2	41	4	21	7	cell = 176 to 183
55	24	61	-25	42	-29	13	-4	cell = 184 to 191
42	22	32	-26	6	-18	1	4	cell = 192 to 199
55	-19	23	20	69	-25	42	7	cell = 200 to 207
83	-20	36	1	48	-4	13	-46	cell = 208 to 215
55	-46	43	-10	-2	-37	41	-33	cell = 216 to 223
46	7	46	-31	68	13	54	5	cell = 224 to 231
51	-2	56	-12	38	-13	63	-14	cell = 232 to 239
75	1	49	-36	28	-12	29	-5	cell = 240 to 247
47	-39	11	6	19	5	73	-18	cell = 248 to 255
64	-3	59	-13	21	4	33	-23	cell = 256 to 263
33	14	67	0	88	13	15	17	cell = 264 to 271
59	1	54	-51	68	24	19	20	cell = 272 to 279
51	-11	53	18	18	8	32	-30	cell = 280 to 287
27	27	89	-2	77	-11	39	-9	cell = 288 to 295
18	-42	65	19	36	5	81	-25	cell = 296 to 303
50	2	41	-33	22	-36	20	-2	cell = 304 to 311
64	25	51	-18	99	-24	50	-10	cell = 312 to 319
38	-5	54	-38	23	-24	26	11	cell = 320 to 327
27	-8	59	-6	31	3	45	5	cell = 328 to 335
74	-45	71	9	56	-8	31	0	cell = 336 to 343
47	0	38	-8	60	0	59	-7	cell = 344 to 351
56	5	30	-21	53	-48	31	-40	cell = 352 to 359
34	-17	86	-7	38	17	31	-10	cell = 360 to 367
24	-30	53	-34	23	3	43	-14	cell = 368 to 375
43	-18	9	-12	13	-5	32	-23	cell = 376 to 383
15	-8	37	15	32	-36	47	-6	cell = 384 to 391
15	-11	35	11	49	-3	78	-52	cell = 392 to 399
68	-18	82	-26	58	-33	6	-3	cell = 400 to 407
41	-41	59	-26	57	-9	49	2	cell = 408 to 415
47	22	33	-27	41	36	64	0	cell = 416 to 423
37	21	57	22	42	4	68	-20	cell = 424 to 431
56	40	51	-24	54	11	41	-14	cell = 432 to 439
32	1	80	26	40	16	78	24	cell = 440 to 447
61	-6	57	2	66	-4	24	-34	cell = 448 to 455
28	-41	51	-45	38	12	21	8	cell = 456 to 463
44	5	84	-18	44	-17	34	-13	cell = 464 to 471
40	-8	73	20	33	-17	-4	-26	cell = 472 to 479
20	21	59	-14	32	-12	49	-15	cell = 480 to 487
42	-6	0	8	39	48	19	3	cell = 488 to 495
41	-19	-56	-127	-15	-84	-13	-82	cell = 496 to 503
35	-18	67	-51	27	-1	63	8	cell = 504 to 511
-11	-34	-22	-12	0	-67	2	-23	cell = 512 to 519
-37	-25	4	-48	-28	-25	-34	-49	cell = 520 to 527
-37	10	11	-20	-52	22	-13	-39	cell = 528 to 535
-9	-33	-25	-17	-21	-23	5	-34	cell = 536 to 543
-17	3	9	18	-12	-46	-28	-12	cell = 544 to 551
15	-28	10	7	-4	27	15	-34	cell = 552 to 559
-42	-20	1	38	-29	-1	20	-21	cell = 560 to 567
22	-56	-40	-26	-28	-25	-9	-9	cell = 568 to 575
-18	-10	-48	-65	-47	-20	-28	4	cell = 576 to 583
-14	-21	-12	16	-15	-28	-45	-24	cell = 584 to 591
20	19	-47	-40	2	-23	-59	15	cell = 592 to 599
-40	-24	-5	-81	-35	-13	-33	-79	cell = 600 to 607
4	12	-16	6	3	-9	-15	-19	cell = 608 to 615
-33	-39	16	-6	-19	-13	-1	-9	cell = 616 to 623
-41	-12	-27	2	-14	-35	-38	-24	cell = 624 to 631
-27	24	-23	8	-20	-44	2	-9	cell = 632 to 639
-28	-19	7	-24	-52	-11	-42	-9	cell = 640 to 647
-6	-38	-69	-41	-35	-33	-29	-14	cell = 648 to 655
-12	2	10	-20	-1	14	-64	18	cell = 656 to 663
3	-48	-12	-32	-15	9	-19	10	cell = 664 to 671
14	-41	-7	-40	4	-22	15	1	cell = 672 to 679
-52	32	-30	-32	-18	-25	-23	-4	cell = 680 to 687
-23	-44	-39	0	-27	6	-30	-31	cell = 688 to 695
-85	34	-42	-18	-5	-62	-25	-27	cell = 696 to 703
30	-31	-51	1	-15	-12	-22	-24	cell = 704 to 711
-45	-41	-26	0	-9	-43	-51	-32	cell = 712 to 719
10	-35	-15	-13	-19	-25	13	-5	cell = 720 to 727
-16	-18	-13	-6	-19	10	-28	-38	cell = 728 to 735
-2	5	-36	-37	-18	-22	-53	-44	cell = 736 to 743
-7	-12	-12	24	-21	-19	-27	-21	cell = 744 to 751
0	-43	-31	-13	-37	-18	-1	-29	cell = 752 to 759
-2	-6	-21	-40	5	4	-29	0	cell = 760 to 767
-19	-72	18	-46	-8	0	2	-43	cell = 768 to 775
9	-47	-28	-44	-7	-30	-11	12	cell = 776 to 783
6	-30	-35	-2	-17	-33	-12	1	cell = 784 to 791
-32	-46	-21	34	6	16	-33	-7	cell = 792 to 799
2	-16	-31	0	-8	-12	45	-66	cell = 800 to 807
7	-20	0	35	-33	-4	-34	5	cell = 808 to 815
-24	-21	11	19	-34	17	-14	-20	cell = 816 to 823
-31	0	-58	-12	-24	-37	-40	-5	cell = 824 to 831
-42	-35	-42	4	-4	2	-35	-9	cell = 832 to 839
-21	-43	-10	-31	27	-20	-45	-5	cell = 840 to 847
0	-4	-4	-19	-13	-25	-36	-39	cell = 848 to 855
-27	-46	-8	7	-32	-17	0	-25	cell = 856 to 863
-58	36	-6	-13	-20	-12	-41	2	cell = 864 to 871
-60	-32	-18	18	-12	0	-31	21	cell = 872 to 879
-6	7	6	-5	-3	-18	35	-5	cell = 880 to 887
9	5	2	-11	-38	-24	0	-30	cell = 888 to 895
-12	-53	-44	-2	8	-7	-6	-1	cell = 896 to 903
-32	-13	0	-9	-27	8	-20	6	cell = 904 to 911
-22	-36	-34	-19	-23	-9	-21	18	cell = 912 to 919
-47	-11	-31	10	9	-51	-25	1	cell = 920 to 927
4	-44	-11	-19	-2	-35	-9	31	cell = 928 to 935
-37	-53	9	-33	-23	-46	-2	-4	cell = 936 to 943
24	1	-5	-15	-50	-20	-9	-28	cell = 944 to 951
-4	-27	-19	7	-18	13	-23	5	cell = 952 to 959
-31	-58	4	-32	-49	-25	-9	-1	cell = 960 to 967
-25	-34	-11	-45	-52	0	-38	-27	cell = 968 to 975
11	-7	-19	8	-25	0	-46	-23	cell = 976 to 983
7	10	0	17	13	30	-15	3	cell = 984 to 991
-29	-33	-35	0	-15	-32	-3	-26	cell = 992 to 999
-31	-27	30	-9	-30	-7	-39	-19	cell = 1000 to 1007
-26	-4	-28	-54	-72	-17	-14	-75	cell = 1008 to 1015
2	-47	9	35	-39	-54	-31	-28	cell = 1016 to 1023
Calibration values from cell 0 to 1024 for channel 4:

52	14	47	-20	39	14	27	-15	cell = 0 to 7
18	1	41	13	43	-28	25	-43	cell = 8 to 15
30	-43	56	-2	25	-7	22	-26	cell = 16 to 23
52	-3	67	14	77	22	21	0	cell = 24 to 31
5	-14	55	-43	62	-11	45	25	cell = 32 to 39
23	-27	42	27	13	12	67	-27	cell = 40 to 47
57	-5	41	18	41	1	47	-7	cell = 48 to 55
83	13	42	-49	19	-30	25	-5	cell = 56 to 63
78	-3	103	32	79	-5	55	9	cell = 64 to 71
78	-23	74	-41	61	-6	71	-11	cell = 72 to 79
8	6	54	-14	55	-48	46	-11	cell = 80 to 87
73	-6	53	-13	58	-35	26	10	cell = 88 to 95
38	-19	63	-34	34	-20	34	1	cell = 96 to 103
34	-13	46	11	31	-6	38	-22	cell = 104 to 111
86	18	82	-48	37	-13	86	-5	cell = 112 to 119
10	-17	13	-27	38	-17	46	-32	cell = 120 to 127
41	-27	29	44	35	17	44	-14	cell = 128 to 135
40	-25	55	-8	49	-49	2	-18	cell = 136 to 143
45	-18	30	-43	35	4	55	-1	cell = 144 to 151
48	-27	51	-2	64	43	34	-3	cell = 152 to 159
58	10	43	17	79	-31	25	-25	cell = 160 to 167
44	-11	43	10	4	-15	56	7	cell = 168 to 175
44	-39	68	-1	62	-21	24	-24	cell = 176 to 183
30	29	26	2	33	-6	46	8	cell = 184 to 191
37	52	60	-32	46	-17	42	-32	cell = 192 to 199
47	3	34	-9	67	-26	72	-18	cell = 200 to 207
58	-28	35	-27	58	-21	40	-36	cell = 208 to 215
23	-6	53	-7	73	-33	31	-33	cell = 216 to 223
64	-47	53	-26	44	28	60	-2	cell = 224 to 231
21	-5	56	-9	51	-27	27	-3	cell = 232 to 239
47	-7	40	6	38	22	24	-13	cell = 240 to 247
66	4	30	-7	20	-10	26	5	cell = 248 to 255
19	-36	31	-14	41	-48	50	-22	cell = 256 to 263
30	2	19	41	47	-16	74	27	cell = 264 to 271
68	-2	19	-20	63	-2	40	23	cell = 272 to 279
68	11	73	10	31	7	32	-12	cell = 280 to 287
48	17	13	8	52	9	20	-17	cell = 288 to 295
42	26	59	-15	83	-5	44	10	cell = 296 to 303
38	-23	54	-1	55	0	96	12	cell = 304 to 311
48	17	83	8	23	8	15	-7	cell = 312 to 319
52	-20	70	-35	25	-7	57	-14	cell = 320 to 327
69	-29	61	-34	49	-11	66	-39	cell = 328 to 335
80	-31	0	-10	47	6	57	2	cell = 336 to 343
52	17	48	-6	22	24	39	4	cell = 344 to 351
29	-8	43	17	0	-4	8	-28	cell = 352 to 359
34	14	49	4	49	-4	54	10	cell = 360 to 367
37	43	34	-13	41	1	41	-46	cell = 368 to 375
38	-29	27	-14	37	16	43	-2	cell = 376 to 383
4	-15	67	-65	31	-16	60	-9	cell = 384 to 391
59	2	51	-3	82	-22	26	-5	cell = 392 to 399
40	-1	43	-27	55	-23	55	2	cell = 400 to 407
93	-12	22	17	5	-15	56	-18	cell = 408 to 415
55	-6	70	-44	34	13	20	-17	cell = 416 to 423
26	-17	11	-35	43	-17	32	-41	cell = 424 to 431
60	-12	39	-39	49	-3	33	9	cell = 432 to 439
45	-51	59	-6	64	-9	66	10	cell = 440 to 447
69	-7	-6	-41	44	-24	19	-45	cell = 448 to 455
35	-15	4	1	18	-8	-4	10	cell = 456 to 463
86	-28	74	-5	60	4	76	-18	cell = 464 to 471
56	-4	78	-21	36	-20	44	-46	cell = 472 to 479
43	16	53	0	52	-2	47	-21	cell = 480 to 487
32	-12	43	-39	19	30	18	-31	cell = 488 to 495
63	6	-42	-84	-53	-95	-38	-65	cell = 496 to 503
47	3	58	-9	29	21	47	5	cell = 504 to 511
-12	-10	-27	-61	-17	-71	7	-34	cell = 512 to 519
-11	-10	-10	-43	-18	-9	-54	-3	cell = 520 to 527
-19	-5	-29	-12	-15	-19	-28	-25	cell = 528 to 535
-2	-38	-22	-18	-53	39	11	-4	cell = 536 to 543
4	-23	-50	0	-35	11	-18	-6	cell = 544 to 551
-8	-34	-10	-66	-26	18	-7	-3	cell = 552 to 559
10	-15	-11	-24	-33	-18	-22	21	cell = 560 to 567
-4	-19	9	2	-36	-4	0	-28	cell = 568 to 575
18	-12	4	-5	-18	-18	1	-23	cell = 576 to 583
-14	-32	-41	-31	-30	-1	-26	10	cell = 584 to 591
-4	-8	-27	-81	-36	-53	-23	-20	cell = 592 to 599
-22	-47	12	-38	-20	18	-3	29	cell = 600 to 607
-30	-34	-35	-30	5	22	-20	14	cell = 608 to 615
11	-1	0	16	3	-58	26	-50	cell = 616 to 623
-2	9	-32	-17	-24	-24	-59	-39	cell = 624 to 631
0	-3	-50	-32	-12	-52	-28	-29	cell = 632 to 639
-43	-24	-12	11	-18	-20	-36	0	cell = 640 to 647
21	-12	-24	0	-39	-28	2	13	cell = 648 to 655
-48	-24	8	-51	-44	-40	-27	-26	cell = 656 to 663
-23	-21	-16	-24	6	0	6	7	cell = 664 to 671
0	5	31	4	-7	-19	4	-15	cell = 672 to 679
0	-5	-33	-8	-44	-15	-1	-20	cell = 680 to 687
30	-45	-5	-45	-22	-18	-15	-39	cell = 688 to 695
-1	-45	-39	-43	-42	-20	-60	-8	cell = 696 to 703
-10	-59	-29	-20	-20	-13	-7	-19	cell = 704 to 711
18	-4	-37	20	-15	-21	-1	-6	cell = 712 to 719
14	5	22	-14	-8	-9	-61	-14	cell = 720 to 727
23	-15	-27	1	28	-12	-19	-23	cell = 728 to 735
-52	-21	17	-27	-31	13	-10	-34	cell = 736 to 743
21	-65	-6	-11	-16	-43	-4	-36	cell = 744 to 751
-43	-35	19	0	4	-6	-34	5	cell = 752 to 759
-18	-3	-2	-17	-30	11	-36	-18	cell = 760 to 767
-40	-25	18	0	-11	-50	-44	-18	cell = 768 to 775
-15	-35	6	-33	-23	-28	-26	-23	cell = 776 to 783
-14	20	-24	-55	-18	-10	-21	-65	cell = 784 to 791
-66	-13	-27	-24	-16	-16	-24	-10	cell = 792 to 799
13	-36	-12	-53	5	-10	6	-16	cell = 800 to 807
16	-35	12	-46	3	-34	-2	-24	cell = 808 to 815
-47	9	-3	-30	21	-2	-41	-23	cell = 816 to 823
-17	-21	-13	-29	-32	12	-35	-48	cell = 824 to 831
15	-25	-74	-26	-26	-21	-54	8	cell = 832 to 839
-21	-26	-24	-12	0	11	-18	-24	cell = 840 to 847
5	-3	-34	-11	-39	-6	-25	-20	cell = 848 to 855
25	-21	-33	-30	-23	-21	-22	-9	cell = 856 to 863
9	-45	3	-10	-10	-3	-9	-19	cell = 864 to 871
-14	-9	9	-19	2	-31	-56	-3	cell = 872 to 879
-28	-15	-18	-27	-33	-15	-10	-41	cell = 880 to 887
-9	-10	30	-55	5	-2	-29	-9	cell = 888 to 895
-12	18	-37	-28	-11	-30	-37	-35	cell = 896 to 903
-2	-33	-2	10	-16	-6	-21	12	cell = 904 to 911
-16	7	-17	-28	27	-8	-12	-12	cell = 912 to 919
-32	-41	-42	-47	-25	-17	-34	-32	cell = 920 to 927
7	-18	-80	-61	-24	-31	-2	-10	cell = 928 to 935
-28	-2	5	-22	-25	-9	-27	9	cell = 936 to 943
-30	0	-34	12	-33	12	-43	-46	cell = 944 to 951
-32	-5	-1	15	-35	-46	-42	-9	cell = 952 to 959
-6	-26	-36	-27	0	-18	-3	-1	cell = 960 to 967
-11	-6	-38	-14	-30	-45	-5	-18	cell = 968 to 975
-17	-19	-25	16	-3	-40	0	-16	cell = 976 to 983
-26	-6	-19	31	-7	-46	-11	-43	cell = 984 to 991
9	-19	2	-29	-20	-18	-14	-21	cell = 992 to 999
2	-7	-18	-63	-17	-1	-33	-4	cell = 1000 to 1007
1	-13	-39	-27	-57	-22	-63	-23	cell = 1008 to 1015
2	-13	-38	-44	-66	-19	-2	-41	cell = 1016 to 1023
Calibration values from cell 0 to 1024 for channel 5:

-10	-30	47	33	56	-21	52	-11	cell = 0 to 7
51	7	4	-34	12	6	69	-22	cell = 8 to 15
28	-3	19	-15	21	13	53	5	cell = 16 to 23
57	-8	32	-24	24	-4	63	-24	cell = 24 to 31
20	-20	12	-30	27	8	32	-17	cell = 32 to 39
95	-21	39	3	46	-8	71	10	cell = 40 to 47
50	12	22	3	55	-29	40	8	cell = 48 to 55
15	-24	27	-24	32	-13	56	23	cell = 56 to 63
74	3	26	-9	11	-38	25	-8	cell = 64 to 71
33	-36	64	-44	48	4	22	-19	cell = 72 to 79
60	-11	16	23	37	6	83	-52	cell = 80 to 87
21	-13	26	47	24	-9	33	-27	cell = 88 to 95
17	-24	64	-2	32	3	55	-24	cell = 96 to 103
54	7	20	32	62	-17	27	-29	cell = 104 to 111
58	-13	29	20	37	26	49	-19	cell = 112 to 119
50	12	67	-4	35	-22	67	-45	cell = 120 to 127
37	-12	49	-34	3	-13	47	-9	cell = 128 to 135
78	-15	47	3	40	-37	37	11	cell = 136 to 143
15	-20	58	-17	89	-20	56	-13	cell = 144 to 151
71	5	26	5	19	17	72	0	cell = 152 to 159
57	3	49	10	58	-12	56	0	cell = 160 to 167
47	-29	43	-6	36	-20	74	-30	cell = 168 to 175
53	-35	44	14	30	13	44	-31	cell = 176 to 183
77	-11	64	-35	89	-6	54	-20	cell = 184 to 191
23	-23	16	-42	39	-30	28	34	cell = 192 to 199
50	14	-13	-8	28	11	56	13	cell = 200 to 207
42	-37	53	-15	39	-30	12	11	cell = 208 to 215
39	0	58	-4	62	-24	42	1	cell = 216 to 223
40	-7	73	16	52	-9	31	-17	cell = 224 to 231
67	-4	61	-19	19	13	92	-1	cell = 232 to 239
25	-16	71	14	47	-23	50	12	cell = 240 to 247
36	15	48	18	32	-7	27	-6	cell = 248 to 255
17	1	22	-22	49	-6	6	0	cell = 256 to 263
18	-16	29	11	31	-52	37	-26	cell = 264 to 271
28	-18	39	-36	52	25	41	-33	cell = 272 to 279
8	-28	77	-43	47	-30	30	-6	cell = 280 to 287
17	19	50	-8	55	-26	22	-4	cell = 288 to 295
-1	16	44	-24	59	-42	37	-23	cell = 296 to 303
48	-31	62	22	76	17	47	-26	cell = 304 to 311
81	-7	49	12	65	-36	45	3	cell = 312 to 319
16	-1	43	-14	47	2	31	7	cell = 320 to 327
44	-23	49	-21	45	23	48	27	cell = 328 to 335
57	-42	2	12	46	-11	16	0	cell = 336 to 343
44	0	50	-19	55	-13	47	-40	cell = 344 to 351
17	-27	59	-12	69	-9	28	-34	cell = 352 to 359
28	-19	17	-7	33	-5	63	-17	cell = 360 to 367
29	11	29	0	56	-29	68	-20	cell = 368 to 375
43	-3	39	9	68	-10	67	11	cell = 376 to 383
28	2	20	4	35	-7	48	-12	cell = 384 to 391
32	1	28	0	51	-9	66	-13	cell = 392 to 399
73	-4	74	9	49	3	89	0	cell = 400 to 407
46	-9	85	-45	60	-25	4	3	cell = 408 to 415
40	-20	36	-12	61	13	35	12	cell = 416 to 423
59	25	70	20	22	-39	17	29	cell = 424 to 431
29	-6	49	-19	39	-17	38	-36	cell = 432 to 439
37	5	42	-21	60	18	33	-17	cell = 440 to 447
26	-42	76	6	5	0	44	-39	cell = 448 to 455
52	26	66	-24	19	-31	39	-26	cell = 456 to 463
4	19	60	-8	40	-17	69	-24	cell = 464 to 471
73	38	44	-3	33	28	75	6	cell = 472 to 479
57	-2	12	-1	57	-28	80	-24	cell = 480 to 487
18	-9	46	4	50	-16	30	24	cell = 488 to 495
61	-37	-53	-99	-60	-58	19	-72	cell = 496 to 503
67	-52	4	-24	11	-35	50	-11	cell = 504 to 511
-6	4	-9	4	0	-48	0	-33	cell = 512 to 519
-24	-16	-14	-21	3	13	-59	-17	cell = 520 to 527
9	-1	-51	-2	-75	-26	16	-20	cell = 528 to 535
2	-49	-33	-11	-45	-53	-4	-24	cell = 536 to 543
1	14	-14	21	-14	-14	-12	-20	cell = 544 to 551
-56	-50	-26	-17	13	-26	-30	-19	cell = 552 to 559
2	-5	-25	-15	6	2	-37	-37	cell = 560 to 567
-27	11	5	-24	-10	-45	-21	-19	cell = 568 to 575
2	-34	-35	-66	-29	-32	-30	4	cell = 576 to 583
-19	-14	18	-9	-29	-6	9	-7	cell = 584 to 591
-35	4	16	3	-33	-60	-12	-38	cell = 592 to 599
-28	-19	-26	-17	-52	8	-55	-15	cell = 600 to 607
8	-8	-44	-9	-17	2	-8	-23	cell = 608 to 615
19	-16	-21	33	-6	-31	-27	21	cell = 616 to 623
-40	-17	-54	-12	-19	-35	6	10	cell = 624 to 631
23	21	-2	-4	-3	-43	-50	27	cell = 632 to 639
-26	-18	31	-36	40	-50	-41	-34	cell = 640 to 647
0	-17	-44	-15	46	-5	-21	-14	cell = 648 to 655
-22	-24	29	-57	-5	19	1	-17	cell = 656 to 663
-3	-20	-8	-21	-23	-5	-10	11	cell = 664 to 671
-11	-7	-58	-4	-21	-20	-22	-38	cell = 672 to 679
-48	-32	-21	-10	-2	-26	21	19	cell = 680 to 687
-18	-36	17	-43	22	-19	-19	-6	cell = 688 to 695
-14	-37	-26	-4	4	-41	-32	-29	cell = 696 to 703
-37	10	-12	-14	21	-26	-1	35	cell = 704 to 711
23	-46	-26	-34	-7	-76	-15	-49	cell = 712 to 719
11	2	-11	-24	-27	-26	-11	-35	cell = 720 to 727
-3	-18	8	-32	10	-17	-19	-42	cell = 728 to 735
-24	-6	-9	-59	1	-36	5	-5	cell = 736 to 743
-5	-34	-12	-31	17	-16	-18	-16	cell = 744 to 751
-12	-50	-18	-46	1	-26	-8	23	cell = 752 to 759
20	-6	-39	-21	-18	-17	-51	-42	cell = 760 to 767
-11	9	-37	-8	-17	-10	-14	-9	cell = 768 to 775
-26	-19	-31	-27	10	14	-22	-53	cell = 776 to 783
12	-45	-23	-27	7	-41	-29	46	cell = 784 to 791
-36	-42	-3	-36	38	-22	12	-5	cell = 792 to 799
-15	-51	-3	-13	-39	-23	-58	-16	cell = 800 to 807
0	1	-27	-24	-23	-17	-32	-17	cell = 808 to 815
-2	-11	-30	25	-5	-11	-54	-5	cell = 816 to 823
-7	-31	24	-30	-19	-49	-5	-36	cell = 824 to 831
9	-57	-22	-18	-6	-61	-30	6	cell = 832 to 839
-11	-26	22	15	-14	-13	-39	-16	cell = 840 to 847
-31	-33	-29	-19	-31	1	-10	-27	cell = 848 to 855
11	-11	25	-22	3	-43	0	-37	cell = 856 to 863
-57	-18	-36	19	-30	-41	37	5	cell = 864 to 871
-12	-27	16	-21	8	-23	-26	-4	cell = 872 to 879
-50	-2	0	-9	29	-8	-37	-22	cell = 880 to 887
-28	-33	-35	24	15	-3	-24	2	cell = 888 to 895
-8	-44	-13	-39	-11	-42	-15	-21	cell = 896 to 903
-33	-32	-18	-14	-33	-37	-11	-2	cell = 904 to 911
15	-27	-37	-19	7	-14	-25	2	cell = 912 to 919
-3	6	-13	15	-43	-5	-30	-27	cell = 920 to 927
-48	-8	-31	-38	-67	-7	-40	-37	cell = 928 to 935
-15	-34	-8	-46	-24	-30	-21	-21	cell = 936 to 943
-52	7	-12	-15	20	18	-20	-43	cell = 944 to 951
2	-12	-44	-15	-3	-14	6	-29	cell = 952 to 959
-41	-41	-10	-13	-24	-11	-26	-10	cell = 960 to 967
-18	-31	-20	11	-13	-15	3	-32	cell = 968 to 975
29	-33	-31	4	-16	-36	-6	16	cell = 976 to 983
-5	-58	-7	-42	-41	-17	-21	2	cell = 984 to 991
-15	25	14	8	-1	-39	-39	-18	cell = 992 to 999
-37	1	-61	-45	-28	-21	-24	5	cell = 1000 to 1007
-1	-32	-56	-22	-61	-46	-19	-11	cell = 1008 to 1015
-1	-46	-15	14	-59	5	20	-6	cell = 1016 to 1023
Calibration values from cell 0 to 1024 for channel 6:

72	-19	57	-24	71	-18	34	9	cell = 0 to 7
65	-32	20	44	37	-14	29	-14	cell = 8 to 15
40	5	51	-9	48	13	26	-56	cell = 16 to 23
33	1	1	-10	57	-13	50	47	cell = 24 to 31
50	-15	51	-36	53	17	32	33	cell = 32 to 39
-13	-35	24	-4	90	44	41	3	cell = 40 to 47
48	10	21	11	72	4	22	1	cell = 48 to 55
39	38	35	-32	46	-5	32	17	cell = 56 to 63
58	-4	54	-44	25	-25	67	-22	cell = 64 to 71
48	-38	42	-5	48	29	39	-13	cell = 72 to 79
52	31	26	-50	60	22	69	43	cell = 80 to 87
53	-23	64	7	42	42	46	-43	cell = 88 to 95
61	-1	25	-46	45	-11	40	11	cell = 96 to 103
34	-20	47	-10	50	-10	78	-32	cell = 104 to 111
54	-27	39	-17	23	33	17	-18	cell = 112 to 119
75	-28	55	-3	72	7	43	-42	cell = 120 to 127
33	-17	60	4	59	-14	67	-41	cell = 128 to 135
28	-51	72	12	86	35	5	-9	cell = 136 to 143
21	-49	43	-3	-5	-40	2	25	cell = 144 to 151
80	-3	60	-1	40	0	40	-41	cell = 152 to 159
52	45	72	-34	60	-47	72	6	cell = 160 to 167
43	6	38	0	33	-9	-8	5	cell = 168 to 175
60	-18	56	26	50	-18	38	-40	cell = 176 to 183
78	18	25	-28	13	5	66	5	cell = 184 to 191
13	6	52	1	49	22	56	-8	cell = 192 to 199
59	-3	71	-15	54	-33	45	-16	cell = 200 to 207
39	-8	56	46	67	-19	38	0	cell = 208 to 215
17	-35	78	-27	18	-35	25	-6	cell = 216 to 223
51	4	26	-36	39	-23	22	-21	cell = 224 to 231
54	19	41	17	28	-17	18	-23	cell = 232 to 239
36	-24	51	-24	47	15	48	4	cell = 240 to 247
60	-5	29	3	53	-34	88	-9	cell = 248 to 255
17	-7	30	-20	46	-24	37	-12	cell = 256 to 263
66	-4	54	-26	40	7	48	-10	cell = 264 to 271
49	12	66	-50	32	-17	31	3	cell = 272 to 279
43	-27	74	-34	65	-19	23	-30	cell = 280 to 287
34	5	39	-37	59	-2	49	-13	cell = 288 to 295
50	-7	30	-12	46	-4	101	-32	cell = 296 to 303
41	31	66	-56	61	-16	10	-13	cell = 304 to 311
35	-24	26	-12	17	6	49	-52	cell = 312 to 319
64	-16	64	-24	45	-27	67	-9	cell = 320 to 327
55	18	42	-29	-3	-39	62	9	cell = 328 to 335
27	20	51	5	73	-48	48	-30	cell = 336 to 343
71	-13	59	-19	7	-11	40	9	cell = 344 to 351
70	5	59	-15	22	-34	52	-5	cell = 352 to 359
60	-18	45	-8	55	-13	53	-6	cell = 360 to 367
76	6	51	-16	34	-25	22	-22	cell = 368 to 375
37	-13	13	2	72	-11	69	0	cell = 376 to 383
29	23	22	10	39	-3	6	-6	cell = 384 to 391
66	-36	75	5	27	-32	44	17	cell = 392 to 399
25	6	32	27	27	18	60	-32	cell = 400 to 407
31	-9	61	-17	34	-26	84	-40	cell = 408 to 415
55	-13	54	-6	17	11	47	-19	cell = 416 to 423
40	-4	56	-2	46	-7	64	-14	cell = 424 to 431
45	-12	54	-1	39	5	60	-39	cell = 432 to 439
45	-31	31	-18	37	19	59	-15	cell = 440 to 447
23	-12	45	-18	59	4	34	-28	cell = 448 to 455
18	35	37	-16	56	30	39	-10	cell = 456 to 463
38	-27	40	14	56	-35	37	-50	cell = 464 to 471
56	20	47	-2	77	-31	12	-22	cell = 472 to 479
56	1	41	-6	76	-30	82	-4	cell = 480 to 487
38	20	35	-6	62	12	28	29	cell = 488 to 495
17	-10	-10	-106	-21	-77	-23	-80	cell = 496 to 503
33	-29	30	-10	36	-15	41	-5	cell = 504 to 511
20	-16	4	-1	-15	-29	-49	-49	cell = 512 to 519
-53	-32	-25	-10	7	-63	-3	0	cell = 520 to 527
-44	-13	-31	2	10	8	-54	-41	cell = 528 to 535
-33	-29	-19	-29	36	17	-21	-15	cell = 536 to 543
1	-23	-23	-42	-5	-20	4	8	cell = 544 to 551
2	-34	-17	-29	-16	-31	-21	-7	cell = 552 to 559
-12	-23	5	12	-5	22	2	-6	cell = 560 to 567
5	-77	-39	-5	-1	-33	-7	-36	cell = 568 to 575
-16	-18	-8	8	3	0	3	-15	cell = 576 to 583
-33	-40	-58	-5	-21	-11	-9	-20	cell = 584 to 591
-9	-15	-24	-11	-8	-21	6	-22	cell = 592 to 599
-19	-5	3	9	-26	2	1	-32	cell = 600 to 607
-3	-45	-42	8	-70	-24	-37	-16	cell = 608 to 615
-30	-24	24	11	22	-50	-21	-24	cell = 616 to 623
-2	-47	-27	-26	-17	-70	-23	-45	cell = 624 to 631
-20	-20	-36	-16	-22	-22	-39	-31	cell = 632 to 639
-20	-23	-10	-25	-61	41	0	-22	cell = 640 to 647
-30	-7	-14	-25	-1	-30	-24	-25	cell = 648 to 655
-6	-17	2	-52	-2	-44	-26	6	cell = 656 to 663
-21	-23	-21	-4	-19	-4	-30	-37	cell = 664 to 671
-9	-23	-22	-32	3	-34	-37	-45	cell = 672 to 679
-8	25	-19	-7	3	-9	-33	-12	cell = 680 to 687
-20	3	-5	-10	-19	-32	-17	-44	cell = 688 to 695
-8	-68	-21	-6	-11	-23	-21	-15	cell = 696 to 703
-22	-23	-13	-13	-57	-37	-20	-38	cell = 704 to 711
-36	-20	-9	-61	-7	15	-46	-42	cell = 712 to 719
-37	28	-15	8	6	0	3	-19	cell = 720 to 727
-27	-34	28	-8	-31	-23	-19	-8	cell = 728 to 735
-39	-55	19	-24	-5	-48	-33	-35	cell = 736 to 743
-30	-11	36	-5	-2	-5	4	-37	cell = 744 to 751
-28	-39	-22	-36	8	5	-38	-15	cell = 752 to 759
-31	4	-18	-20	-46	-57	-30	0	cell = 760 to 767
-13	10	-36	-50	-24	-29	-25	-46	cell = 768 to 775
-31	-11	1	-7	-27	-20	-9	-15	cell = 776 to 783
-8	-38	-12	4	-22	-19	-29	-9	cell = 784 to 791
-20	-15	2	-13	-20	-40	-58	14	cell = 792 to 799
-39	-27	-26	20	-4	-19	-33	-27	cell = 800 to 807
-20	2	-41	-5	1	-37	2	-30	cell = 808 to 815
-7	-41	-15	-21	-53	-2	-8	-7	cell = 816 to 823
-54	-46	0	-18	-24	11	9	-17	cell = 824 to 831
-32	-10	-33	10	-12	-11	-4	-11	cell = 832 to 839
-31	-35	-12	-27	-22	-17	-28	11	cell = 840 to 847
-17	-2	-5	-37	-39	-28	-2	-19	cell = 848 to 855
-15	25	-22	6	31	-10	-16	0	cell = 856 to 863
-2	1	9	-3	25	-9	-48	-6	cell = 864 to 871
9	-39	-66	27	9	-23	-25	-21	cell = 872 to 879
-29	-19	-29	-27	-6	-43	18	-43	cell = 880 to 887
-32	-8	-41	-61	8	-2	-40	-55	cell = 888 to 895
-40	-7	-11	10	5	-8	10	-19	cell = 896 to 903
29	-21	-48	-10	-14	15	-31	-33	cell = 904 to 911
-5	-34	-13	-22	-32	-3	-29	-23	cell = 912 to 919
-15	-12	-20	5	-2	-21	-23	-37	cell = 920 to 927
-26	-12	12	11	-17	-68	-40	-7	cell = 928 to 935
-9	-24	9	-18	-15	-18	-29	-64	cell = 936 to 943
-2	-33	-26	-31	-20	-36	-42	0	cell = 944 to 951
-6	-1	-44	-13	8	-17	11	-10	cell = 952 to 959
-43	-40	4	-38	-47	-22	-4	28	cell = 960 to 967
-18	-29	19	-18	-25	-10	11	15	cell = 968 to 975
-3	-11	-20	-9	9	16	-48	-23	cell = 976 to 983
-49	-14	-39	1	-48	-7	-18	-26	cell = 984 to 991
1	-26	-41	12	-2	-28	-64	-23	cell = 992 to 999
-21	-18	-16	-32	-18	-20	-24	-4	cell = 1000 to 1007
10	-22	-48	-21	-16	-6	8	-9	cell = 1008 to 1015
10	-42	-28	-21	-7	11	-35	-16	cell = 1016 to 1023
Calibration values from cell 0 to 1024 for channel 7:

3	-13	15	-42	23	-23	56	12	cell = 0 to 7
18	16	61	-41	48	25	23	-49	cell = 8 to 15
45	-4	53	-36	62	16	29	-19	cell = 16 to 23
29	8	46	-8	70	-6	59	29	cell = 24 to 31
7	-46	26	-15	29	-6	26	10	cell = 32 to 39
55	7	35	-9	58	10	62	-2	cell = 40 to 47
22	-30	43	-20	46	-21	-10	-39	cell = 48 to 55
49	12	58	-27	53	-4	62	-29	cell = 56 to 63
30	27	59	-37	46	-49	27	-19	cell = 64 to 71
12	-11	58	-27	13	19	48	-15	cell = 72 to 79
42	11	43	-19	56	-25	63	-5	cell = 80 to 87
55	-8	48	1	45	-2	46	-3	cell = 88 to 95
50	16	28	15	30	-34	36	-5	cell = 96 to 103
12	5	48	-6	43	-26	69	-14	cell = 104 to 111
63	8	32	-27	58	-45	46	2	cell = 112 to 119
59	-26	49	-18	34	-15	43	-18	cell = 120 to 127
37	-10	17	-37	19	16	61	-14	cell = 128 to 135
11	-5	45	-15	58	-17	43	-17	cell = 136 to 143
35	8	37	8	68	-8	35	-5	cell = 144 to 151
71	-39	31	-11	27	-7	62	0	cell = 152 to 159
35	-1	41	-24	35	8	42	-24	cell = 160 to 167
65	-17	32	11	40	-10	66	6	cell = 168 to 175
39	27	48	-40	16	10	49	-26	cell = 176 to 183
71	-41	39	17	46	-5	16	0	cell = 184 to 191
63	-23	71	-6	18	44	61	8	cell = 192 to 199
27	-23	54	-22	60	-21	41	-17	cell = 200 to 207
41	-15	33	38	70	17	46	-30	cell = 208 to 215
11	13	55	-32	79	20	11	26	cell = 216 to 223
20	-9	60	-21	36	46	25	-8	cell = 224 to 231
10	-6	37	6	48	-21	65	7	cell = 232 to 239
28	-22	82	-6	56	-9	27	-14	cell = 240 to 247
-8	36	53	-3	26	-7	42	-22	cell = 248 to 255
29	-27	31	-10	43	6	46	-47	cell = 256 to 263
37	-37	51	-17	42	-30	89	-55	cell = 264 to 271
66	-38	39	-14	90	10	25	-9	cell = 272 to 279
51	-24	65	-10	65	-14	39	-21	cell = 280 to 287
43	20	40	-4	37	-33	27	10	cell = 288 to 295
25	-9	19	-39	37	39	46	-18	cell = 296 to 303
46	-22	40	-12	76	-38	44	-14	cell = 304 to 311
24	-44	59	-8	77	-28	79	7	cell = 312 to 319
80	-35	4	-39	53	-14	31	9	cell = 320 to 327
1	8	51	5	45	-2	34	16	cell = 328 to 335
45	18	55	5	10	-29	39	37	cell = 336 to 343
89	-16	30	-8	51	-4	55	-27	cell = 344 to 351
35	-20	72	-34	6	-20	84	29	cell = 352 to 359
37	-11	69	11	15	-18	11	-17	cell = 360 to 367
42	10	35	16	36	-40	43	5	cell = 368 to 375
61	-9	32	10	23	-27	68	-30	cell = 376 to 383
47	-33	29	-8	39	-15	24	5	cell = 384 to 391
-3	25	34	-39	48	-22	34	-45	cell = 392 to 399
42	1	34	-3	80	28	29	-27	cell = 400 to 407
31	-19	59	-9	42	-8	45	3	cell = 408 to 415
13	-44	6	-11	52	7	23	-3	cell = 416 to 423
48	11	32	-14	77	-18	33	-2	cell = 424 to 431
38	0	62	-22	24	8	46	38	cell = 432 to 439
92	11	58	-21	45	33	2	-22	cell = 440 to 447
-3	-20	20	-24	38	-42	50	23	cell = 448 to 455
45	12	53	0	39	-8	87	-4	cell = 456 to 463
87	-9	70	7	18	-11	55	-7	cell = 464 to 471
28	-46	18	23	25	7	64	13	cell = 472 to 479
46	-9	47	4	47	9	38	-49	cell = 480 to 487
36	-49	66	-15	55	18	34	-21	cell = 488 to 495
48	3	-50	-73	-46	-96	-19	-82	cell = 496 to 503
74	12	40	-26	16	-14	21	-58	cell = 504 to 511
25	-32	-35	-28	-8	13	-48	-30	cell = 512 to 519
4	-31	-7	10	-11	-4	32	-14	cell = 520 to 527
-38	-22	-23	-23	-12	-20	-42	-9	cell = 528 to 535
-2	-49	-18	-22	-9	-5	4	-26	cell = 536 to 543
-6	-21	-13	-16	5	23	-6	-47	cell = 544 to 551
5	-30	2	-19	15	-41	-17	7	cell = 552 to 559
5	-19	-41	9	-17	6	-12	-13	cell = 560 to 567
-20	-56	-16	-13	-53	-14	-39	-17	cell = 568 to 575
-47	-21	-5	-47	-26	1	-17	3	cell = 576 to 583
-25	-6	-16	-11	36	-16	-22	-30	cell = 584 to 591
-35	-26	-54	7	-27	-19	-8	-20	cell = 592 to 599
-6	-4	-30	11	-38	-60	-8	18	cell = 600 to 607
-22	-33	-25	-6	5	-2	15	-56	cell = 608 to 615
14	-47	3	-16	7	15	-22	-27	cell = 616 to 623
-63	-59	-13	12	7	13	-8	-6	cell = 624 to 631
-20	-29	-11	12	-55	8	-21	23	cell = 632 to 639
-11	-21	10	-16	-9	-32	-6	-14	cell = 640 to 647
23	-1	-21	23	-35	-29	-21	-3	cell = 648 to 655
-7	-6	-7	-32	39	-42	-27	-11	cell = 656 to 663
-33	-1	-2	-46	-4	-48	1	-33	cell = 664 to 671
15	-62	-24	-52	15	35	9	-11	cell = 672 to 679
21	1	2	15	13	-51	-13	-22	cell = 680 to 687
-23	-16	-14	-12	-21	8	-17	-46	cell = 688 to 695
-49	-25	-12	-58	-30	-33	-55	9	cell = 696 to 703
-23	-17	-33	0	-21	-57	-31	-61	cell = 704 to 711
-27	4	-22	-3	-34	-36	-9	-24	cell = 712 to 719
19	-22	-34	-32	-10	6	17	-22	cell = 720 to 727
-36	6	-30	-15	-43	-7	-27	-7	cell = 728 to 735
-21	-29	3	-8	-23	-15	-44	38	cell = 736 to 743
-30	-11	-39	-34	-11	-4	-10	-2	cell = 744 to 751
4	-6	-32	-19	8	-16	17	-7	cell = 752 to 759
2	-7	-15	-38	7	-23	-27	-30	cell = 760 to 767
-12	10	-10	-38	-3	-11	0	-24	cell = 768 to 775
-28	-2	0	-5	-13	-55	-39	-28	cell = 776 to 783
-1	-13	-6	-20	17	-14	-24	29	cell = 784 to 791
4	4	8	-31	-7	-17	-36	20	cell = 792 to 799
-17	-26	-15	-4	-29	-43	-24	4	cell = 800 to 807
4	8	-37	10	-32	-11	-36	-28	cell = 808 to 815
-36	-20	-23	-36	-39	-2	1	-22	cell = 816 to 823
-3	-7	-18	12	-29	-27	-23	15	cell = 824 to 831
-87	-50	10	-30	15	-15	0	-6	cell = 832 to 839
-9	-28	-9	-38	4	-7	-37	-15	cell = 840 to 847
20	-27	-15	-43	1	-15	-29	-17	cell = 848 to 855
-12	-16	-13	-32	-1	3	-41	-28	cell = 856 to 863
-19	2	1	-5	-11	-15	-63	-9	cell = 864 to 871
9	-22	-60	0	-7	-9	-47	-5	cell = 872 to 879
-12	-26	-26	-8	5	17	-34	19	cell = 880 to 887
-21	-50	-12	-79	-6	1	-37	-65	cell = 888 to 895
14	-41	8	-24	-15	-34	11	-46	cell = 896 to 903
18	-29	-13	-38	-5	-44	-6	-21	cell = 904 to 911
9	-7	-17	-76	-37	-20	4	45	cell = 912 to 919
-35	-74	-55	-48	-2	-34	12	-24	cell = 920 to 927
-45	-42	-48	-19	-39	-55	-13	-35	cell = 928 to 935
-24	-16	3	-3	-6	-31	-7	-20	cell = 936 to 943
-8	-21	17	-25	-35	24	-24	-10	cell = 944 to 951
-36	-3	-8	6	-31	3	-4	6	cell = 952 to 959
16	-55	-3	-24	-37	-38	-14	1	cell = 960 to 967
-17	11	-18	23	8	-18	-22	-30	cell = 968 to 975
-29	8	-23	-26	-40	-46	-18	34	cell = 976 to 983
-2	0	13	-69	-25	43	-20	16	cell = 984 to 991
-12	-48	-20	-56	-7	-33	-20	-14	cell = 992 to 999
3	-24	-44	-14	28	-19	-1	7	cell = 1000 to 1007
2	-20	0	-53	-28	-48	-8	0	cell = 1008 to 1015
-25	-56	22	-25	-36	3	-10	-38	cell = 1016 to 1023
Calibration values from cell 0 to 1024 for channel 8:

52	1	33	-55	50	22	27	-30	cell = 0 to 7
28	-42	4	-49	33	13	27	9	cell = 8 to 15
34	24	36	-23	48	-20	41	14	cell = 16 to 23
4	14	68	-6	41	-31	38	-40	cell = 24 to 31
19	-16	32	8	12	36	30	-18	cell = 32 to 39
74	25	6	14	36	-43	43	35	cell = 40 to 47
33	-31	43	11	38	-10	21	11	cell = 48 to 55
56	0	16	-19	42	21	56	-7	cell = 56 to 63
5	-17	83	8	33	5	27	11	cell = 64 to 71
67	9	33	-45	33	0	45	-30	cell = 72 to 79
66	-9	36	-32	49	-8	49	17	cell = 80 to 87
31	48	54	0	36	25	22	-14	cell = 88 to 95
39	-27	84	31	34	1	53	31	cell = 96 to 103
67	42	50	-19	27	-10	68	3	cell = 104 to 111
75	-2	102	-39	21	53	23	-39	cell = 112 to 119
33	14	17	0	40	31	27	-31	cell = 120 to 127
63	-31	41	-27	51	17	19	-4	cell = 128 to 135
40	-33	29	14	0	7	12	12	cell = 136 to 143
65	19	15	-21	24	-9	15	-21	cell = 144 to 151
3	-10	51	-26	53	-56	33	-46	cell = 152 to 159
34	-2	82	-25	56	17	63	11	cell = 160 to 167
65	-2	45	-25	49	14	68	-15	cell = 168 to 175
61	36	34	-42	43	3	79	-26	cell = 176 to 183
25	-1	61	6	16	58	36	48	cell = 184 to 191
26	-3	16	6	50	7	37	-25	cell = 192 to 199
72	14	65	-8	46	24	76	4	cell = 200 to 207
57	-23	61	-26	36	4	30	-40	cell = 208 to 215
53	17	-6	4	46	-26	51	-18	cell = 216 to 223
54	33	83	0	42	10	51	2	cell = 224 to 231
12	-22	61	-2	51	25	46	33	cell = 232 to 239
65	11	55	-20	67	-36	33	30	cell = 240 to 247
39	29	6	-27	27	12	19	25	cell = 248 to 255
34	11	43	-34	30	-1	7	-25	cell = 256 to 263
46	-21	25	-29	-9	-17	57	-3	cell = 264 to 271
72	20	35	13	56	26	-5	25	cell = 272 to 279
22	-3	50	17	50	-13	47	-30	cell = 280 to 287
11	-40	26	-4	36	7	9	-22	cell = 288 to 295
35	-16	60	11	45	4	39	-1	cell = 296 to 303
46	3	8	-54	24	6	20	2	cell = 304 to 311
1	31	35	-1	23	-17	29	-23	cell = 312 to 319
19	-25	37	4	45	-57	60	15	cell = 320 to 327
29	22	45	-11	38	35	34	-16	cell = 328 to 335
60	10	45	-37	42	-2	56	-4	cell = 336 to 343
65	-13	10	-27	49	-29	66	-9	cell = 344 to 351
54	35	83	-16	52	27	18	21	cell = 352 to 359
35	11	28	4	26	2	9	8	cell = 360 to 367
20	-21	46	-3	24	6	61	25	cell = 368 to 375
42	-3	77	-16	42	26	49	-10	cell = 376 to 383
35	-27	39	-37	22	35	64	7	cell = 384 to 391
33	-24	32	-49	25	19	61	0	cell = 392 to 399
46	10	50	-6	24	-16	34	53	cell = 400 to 407
92	-16	45	-24	3	-43	45	21	cell = 408 to 415
48	2	18	-7	32	32	88	-16	cell = 416 to 423
32	-18	25	-12	24	10	21	16	cell = 424 to 431
40	-6	64	-7	1	3	34	-18	cell = 432 to 439
32	5	26	-26	30	8	58	-1	cell = 440 to 447
29	25	14	-34	30	-30	62	-2	cell = 448 to 455
9	-46	30	1	49	5	23	2	cell = 456 to 463
48	24	75	19	9	0	64	-22	cell = 464 to 471
43	14	8	-21	47	53	68	-12	cell = 472 to 479
24	-28	77	14	-23	31	49	12	cell = 480 to 487
28	19	68	-20	28	16	45	-17	cell = 488 to 495
38	-7	-6	-83	3	-71	-18	-67	cell = 496 to 503
53	7	25	-16	52	16	32	-13	cell = 504 to 511
-58	-23	-55	5	-27	-60	-7	-19	cell = 512 to 519
5	-20	-16	-16	-14	-2	-3	-19	cell = 520 to 527
-49	-19	-53	7	-67	13	39	-34	cell = 528 to 535
13	-34	-7	43	-28	0	4	11	cell = 536 to 543
-38	-6	-19	-12	-35	-18	0	-41	cell = 544 to 551
-6	-22	-17	-19	9	-35	-4	-1	cell = 552 to 559
-5	-43	-44	-29	-40	-3	-38	-13	cell = 560 to 567
14	-8	-49	16	-10	2	-30	-16	cell = 568 to 575
-53	14	-10	-6	-45	-40	-34	-22	cell = 576 to 583
-47	-27	5	-32	-19	-51	-28	-24	cell = 584 to 591
-8	-39	-18	3	-40	-36	-15	-11	cell = 592 to 599
-25	-44	-7	-3	7	10	-52	-12	cell = 600 to 607
-34	-22	-31	-32	-49	-16	-34	4	cell = 608 to 615
-39	-40	4	-37	-8	5	-78	10	cell = 616 to 623
-15	7	-6	18	9	-20	-4	-54	cell = 624 to 631
5	-14	-35	-16	-32	-14	-25	-42	cell = 632 to 639
-25	-38	-53	-22	3	11	-11	-21	cell = 640 to 647
-21	-2	-8	-22	-36	-8	-31	-15	cell = 648 to 655
9	-34	-13	-11	-50	-28	-18	2	cell = 656 to 663
-3	10	2	-15	-22	-34	-27	-47	cell = 664 to 671
-40	-24	17	-45	-3	-18	-52	-2	cell = 672 to 679
-17	-6	-31	-8	-2	-37	-50	-33	cell = 680 to 687
-20	1	-7	-4	-40	-2	-19	19	cell = 688 to 695
-53	10	-17	-37	21	-20	-16	-35	cell = 696 to 703
-34	-12	-26	-2	-37	-4	-18	-51	cell = 704 to 711
-3	-50	-32	10	5	-8	-31	-8	cell = 712 to 719
-13	-52	-3	-8	4	-14	-10	-19	cell = 720 to 727
-36	-14	-14	-4	-36	-59	-29	16	cell = 728 to 735
-37	-20	-7	3	-6	-10	-20	-29	cell = 736 to 743
-9	20	-33	-6	15	0	-32	25	cell = 744 to 751
-27	-36	8	4	-19	14	-28	23	cell = 752 to 759
-12	-38	-5	13	-16	-14	-17	-6	cell = 760 to 767
-26	-43	-10	-36	-57	-28	-18	-14	cell = 768 to 775
-13	7	-9	5	5	5	-42	32	cell = 776 to 783
-18	25	0	-20	0	-35	-47	-38	cell = 784 to 791
-14	-18	-3	-1	-13	9	-28	-30	cell = 792 to 799
-51	-62	-19	-30	-9	1	-24	-5	cell = 800 to 807
-17	-35	-12	20	-3	-12	-39	-11	cell = 808 to 815
-12	13	-3	-12	-43	-50	-57	23	cell = 816 to 823
-23	-15	-2	-11	-19	-30	-35	-13	cell = 824 to 831
-21	-4	-37	18	-42	-29	-2	-47	cell = 832 to 839
-56	1	-41	-41	-17	-19	-15	13	cell = 840 to 847
6	-16	-31	-24	-5	3	-53	-15	cell = 848 to 855
3	16	1	-14	-8	-46	-49	-33	cell = 856 to 863
-34	-6	-33	-20	-39	-34	-59	-16	cell = 864 to 871
-37	-39	4	-11	-21	6	-29	-40	cell = 872 to 879
-11	6	-71	-18	46	4	-18	-38	cell = 880 to 887
18	-61	-24	12	-13	11	0	-17	cell = 888 to 895
-17	-17	-13	-25	-24	19	-29	-7	cell = 896 to 903
-27	-37	-29	0	-46	-49	-39	-32	cell = 904 to 911
-18	17	-37	-25	-35	0	-39	-11	cell = 912 to 919
-7	-12	12	-25	-33	2	-24	24	cell = 920 to 927
-61	-51	-47	-52	-2	-14	29	3	cell = 928 to 935
-26	-8	-31	25	-22	-7	-28	-10	cell = 936 to 943
-33	-10	-23	-29	-22	-26	-1	-31	cell = 944 to 951
12	-9	9	-38	11	-26	-5	-19	cell = 952 to 959
-27	-9	4	-57	-21	-18	23	-2	cell = 960 to 967
-25	-18	-58	-34	-38	27	-35	-42	cell = 968 to 975
-13	-1	9	-5	-9	-12	-35	-3	cell = 976 to 983
-28	-57	-24	-35	21	-8	-2	-35	cell = 984 to 991
-2	-39	-23	-35	-59	-30	-21	-30	cell = 992 to 999
-9	-53	-6	-15	-41	-40	-29	-32	cell = 1000 to 1007
-21	-62	-18	-41	-44	-19	-13	6	cell = 1008 to 1015
3	7	-31	16	-37	3	16	-35	cell = 1016 to 1023
