Calibration values (ps) from cell 0 to 1024 :

00000.000	00000.197	00000.395	00000.592	00000.790	00000.988	00001.187	00001.385	cell = 0 to 7
00001.583	00001.782	00001.981	00002.180	00002.379	00002.578	00002.777	00002.976	cell = 8 to 15
00003.176	00003.375	00003.574	00003.773	00003.972	00004.172	00004.371	00004.570	cell = 16 to 23
00004.770	00004.970	00005.169	00005.369	00005.569	00005.769	00005.969	00006.169	cell = 24 to 31
00006.369	00006.570	00006.771	00006.971	00007.171	00007.371	00007.572	00007.772	cell = 32 to 39
00007.972	00008.173	00008.373	00008.573	00008.773	00008.973	00009.173	00009.373	cell = 40 to 47
00009.572	00009.772	00009.972	00010.172	00010.372	00010.571	00010.771	00010.970	cell = 48 to 55
00011.169	00011.369	00011.568	00011.767	00011.967	00012.167	00012.366	00012.566	cell = 56 to 63
00012.765	00012.965	00013.164	00013.364	00013.563	00013.763	00013.962	00014.161	cell = 64 to 71
00014.361	00014.561	00014.761	00014.961	00015.160	00015.360	00015.560	00015.761	cell = 72 to 79
00015.961	00016.161	00016.362	00016.563	00016.763	00016.964	00017.165	00017.365	cell = 80 to 87
00017.566	00017.767	00017.968	00018.170	00018.371	00018.573	00018.774	00018.976	cell = 88 to 95
00019.178	00019.380	00019.582	00019.784	00019.986	00020.188	00020.389	00020.591	cell = 96 to 103
00020.792	00020.994	00021.195	00021.396	00021.598	00021.799	00022.000	00022.201	cell = 104 to 111
00022.402	00022.603	00022.804	00023.005	00023.206	00023.407	00023.608	00023.809	cell = 112 to 119
00024.010	00024.211	00024.412	00024.613	00024.814	00025.014	00025.215	00025.416	cell = 120 to 127
00025.616	00025.817	00026.017	00026.218	00026.418	00026.619	00026.819	00027.020	cell = 128 to 135
00027.220	00027.421	00027.622	00027.823	00028.023	00028.224	00028.425	00028.626	cell = 136 to 143
00028.827	00029.028	00029.229	00029.431	00029.632	00029.833	00030.033	00030.234	cell = 144 to 151
00030.435	00030.636	00030.837	00031.037	00031.238	00031.439	00031.639	00031.839	cell = 152 to 159
00032.040	00032.240	00032.439	00032.639	00032.839	00033.039	00033.240	00033.440	cell = 160 to 167
00033.640	00033.840	00034.040	00034.240	00034.440	00034.640	00034.840	00035.040	cell = 168 to 175
00035.240	00035.440	00035.640	00035.840	00036.039	00036.239	00036.439	00036.639	cell = 176 to 183
00036.839	00037.039	00037.238	00037.438	00037.638	00037.838	00038.038	00038.238	cell = 184 to 191
00038.439	00038.639	00038.839	00039.039	00039.239	00039.439	00039.639	00039.840	cell = 192 to 199
00040.041	00040.241	00040.442	00040.642	00040.843	00041.043	00041.244	00041.445	cell = 200 to 207
00041.645	00041.846	00042.047	00042.247	00042.448	00042.648	00042.849	00043.049	cell = 208 to 215
00043.249	00043.450	00043.650	00043.850	00044.051	00044.251	00044.451	00044.652	cell = 216 to 223
00044.852	00045.053	00045.253	00045.453	00045.654	00045.854	00046.054	00046.254	cell = 224 to 231
00046.454	00046.654	00046.854	00047.054	00047.253	00047.453	00047.653	00047.853	cell = 232 to 239
00048.053	00048.253	00048.453	00048.653	00048.853	00049.053	00049.253	00049.452	cell = 240 to 247
00049.652	00049.852	00050.052	00050.252	00050.452	00050.652	00050.853	00051.053	cell = 248 to 255
00051.253	00051.454	00051.655	00051.856	00052.056	00052.257	00052.458	00052.659	cell = 256 to 263
00052.859	00053.060	00053.261	00053.461	00053.662	00053.862	00054.063	00054.263	cell = 264 to 271
00054.464	00054.665	00054.865	00055.066	00055.267	00055.467	00055.668	00055.869	cell = 272 to 279
00056.069	00056.270	00056.471	00056.672	00056.873	00057.074	00057.275	00057.476	cell = 280 to 287
00057.677	00057.878	00058.079	00058.280	00058.481	00058.682	00058.883	00059.084	cell = 288 to 295
00059.285	00059.487	00059.688	00059.889	00060.091	00060.292	00060.494	00060.695	cell = 296 to 303
00060.897	00061.098	00061.300	00061.502	00061.703	00061.905	00062.106	00062.307	cell = 304 to 311
00062.509	00062.711	00062.912	00063.114	00063.315	00063.516	00063.718	00063.919	cell = 312 to 319
00064.120	00064.322	00064.523	00064.724	00064.925	00065.126	00065.328	00065.529	cell = 320 to 327
00065.730	00065.931	00066.133	00066.334	00066.535	00066.737	00066.938	00067.140	cell = 328 to 335
00067.341	00067.542	00067.743	00067.944	00068.145	00068.346	00068.547	00068.748	cell = 336 to 343
00068.949	00069.149	00069.350	00069.551	00069.752	00069.952	00070.153	00070.354	cell = 344 to 351
00070.555	00070.755	00070.956	00071.156	00071.357	00071.557	00071.757	00071.957	cell = 352 to 359
00072.158	00072.358	00072.559	00072.759	00072.960	00073.160	00073.361	00073.561	cell = 360 to 367
00073.762	00073.962	00074.163	00074.363	00074.563	00074.763	00074.963	00075.163	cell = 368 to 375
00075.362	00075.562	00075.762	00075.961	00076.160	00076.359	00076.558	00076.757	cell = 376 to 383
00076.955	00077.154	00077.352	00077.550	00077.748	00077.946	00078.143	00078.341	cell = 384 to 391
00078.539	00078.736	00078.934	00079.131	00079.328	00079.526	00079.723	00079.920	cell = 392 to 399
00080.117	00080.314	00080.512	00080.709	00080.907	00081.104	00081.302	00081.500	cell = 400 to 407
00081.698	00081.897	00082.095	00082.293	00082.492	00082.690	00082.889	00083.088	cell = 408 to 415
00083.286	00083.485	00083.684	00083.882	00084.081	00084.280	00084.479	00084.678	cell = 416 to 423
00084.877	00085.077	00085.276	00085.475	00085.674	00085.873	00086.073	00086.272	cell = 424 to 431
00086.472	00086.671	00086.871	00087.071	00087.271	00087.470	00087.670	00087.870	cell = 432 to 439
00088.070	00088.271	00088.471	00088.672	00088.872	00089.073	00089.274	00089.475	cell = 440 to 447
00089.676	00089.877	00090.078	00090.279	00090.480	00090.681	00090.883	00091.084	cell = 448 to 455
00091.286	00091.488	00091.690	00091.893	00092.095	00092.297	00092.499	00092.702	cell = 456 to 463
00092.904	00093.107	00093.309	00093.512	00093.714	00093.917	00094.120	00094.322	cell = 464 to 471
00094.525	00094.728	00094.930	00095.133	00095.336	00095.538	00095.740	00095.943	cell = 472 to 479
00096.145	00096.348	00096.551	00096.753	00096.956	00097.159	00097.362	00097.565	cell = 480 to 487
00097.769	00097.972	00098.175	00098.378	00098.581	00098.784	00098.986	00099.189	cell = 488 to 495
00099.391	00099.593	00099.795	00099.996	00100.197	00100.397	00100.598	00100.798	cell = 496 to 503
00100.997	00101.197	00101.396	00101.595	00101.794	00101.992	00102.191	00102.390	cell = 504 to 511
00102.588	00102.786	00102.985	00103.183	00103.382	00103.581	00103.780	00103.980	cell = 512 to 519
00104.179	00104.378	00104.577	00104.776	00104.975	00105.174	00105.374	00105.573	cell = 520 to 527
00105.773	00105.972	00106.171	00106.370	00106.570	00106.769	00106.968	00107.167	cell = 528 to 535
00107.366	00107.564	00107.763	00107.962	00108.161	00108.359	00108.558	00108.756	cell = 536 to 543
00108.955	00109.153	00109.351	00109.550	00109.748	00109.946	00110.144	00110.342	cell = 544 to 551
00110.540	00110.737	00110.935	00111.132	00111.329	00111.526	00111.723	00111.920	cell = 552 to 559
00112.117	00112.313	00112.510	00112.706	00112.903	00113.099	00113.296	00113.492	cell = 560 to 567
00113.689	00113.885	00114.082	00114.279	00114.476	00114.673	00114.870	00115.067	cell = 568 to 575
00115.265	00115.462	00115.660	00115.858	00116.056	00116.254	00116.453	00116.651	cell = 576 to 583
00116.849	00117.048	00117.246	00117.445	00117.644	00117.843	00118.041	00118.241	cell = 584 to 591
00118.440	00118.639	00118.838	00119.038	00119.238	00119.438	00119.638	00119.839	cell = 592 to 599
00120.039	00120.239	00120.440	00120.641	00120.842	00121.043	00121.245	00121.446	cell = 600 to 607
00121.648	00121.849	00122.051	00122.252	00122.453	00122.655	00122.856	00123.058	cell = 608 to 615
00123.259	00123.460	00123.661	00123.861	00124.062	00124.263	00124.464	00124.664	cell = 616 to 623
00124.865	00125.065	00125.265	00125.466	00125.666	00125.866	00126.066	00126.266	cell = 624 to 631
00126.467	00126.667	00126.867	00127.068	00127.268	00127.469	00127.670	00127.870	cell = 632 to 639
00128.070	00128.270	00128.470	00128.669	00128.869	00129.070	00129.270	00129.469	cell = 640 to 647
00129.670	00129.869	00130.069	00130.269	00130.469	00130.669	00130.869	00131.069	cell = 648 to 655
00131.269	00131.469	00131.669	00131.869	00132.069	00132.269	00132.469	00132.669	cell = 656 to 663
00132.869	00133.069	00133.269	00133.469	00133.669	00133.869	00134.069	00134.269	cell = 664 to 671
00134.469	00134.669	00134.869	00135.069	00135.269	00135.469	00135.669	00135.869	cell = 672 to 679
00136.069	00136.269	00136.469	00136.669	00136.869	00137.069	00137.268	00137.468	cell = 680 to 687
00137.668	00137.869	00138.069	00138.269	00138.469	00138.669	00138.869	00139.070	cell = 688 to 695
00139.269	00139.469	00139.669	00139.870	00140.070	00140.270	00140.470	00140.671	cell = 696 to 703
00140.871	00141.072	00141.272	00141.473	00141.673	00141.873	00142.074	00142.275	cell = 704 to 711
00142.475	00142.676	00142.877	00143.078	00143.279	00143.479	00143.680	00143.881	cell = 712 to 719
00144.082	00144.283	00144.483	00144.684	00144.885	00145.085	00145.286	00145.487	cell = 720 to 727
00145.687	00145.888	00146.088	00146.289	00146.489	00146.690	00146.890	00147.090	cell = 728 to 735
00147.290	00147.491	00147.691	00147.891	00148.092	00148.293	00148.493	00148.694	cell = 736 to 743
00148.894	00149.095	00149.296	00149.496	00149.697	00149.898	00150.098	00150.299	cell = 744 to 751
00150.500	00150.701	00150.902	00151.103	00151.304	00151.504	00151.705	00151.906	cell = 752 to 759
00152.107	00152.308	00152.509	00152.709	00152.909	00153.110	00153.310	00153.510	cell = 760 to 767
00153.711	00153.911	00154.111	00154.311	00154.511	00154.711	00154.911	00155.111	cell = 768 to 775
00155.311	00155.511	00155.710	00155.910	00156.109	00156.309	00156.508	00156.708	cell = 776 to 783
00156.907	00157.106	00157.305	00157.505	00157.704	00157.902	00158.101	00158.300	cell = 784 to 791
00158.499	00158.698	00158.897	00159.096	00159.295	00159.495	00159.694	00159.893	cell = 792 to 799
00160.093	00160.292	00160.491	00160.690	00160.889	00161.088	00161.288	00161.487	cell = 800 to 807
00161.686	00161.886	00162.085	00162.284	00162.484	00162.683	00162.882	00163.082	cell = 808 to 815
00163.281	00163.481	00163.680	00163.880	00164.080	00164.280	00164.479	00164.679	cell = 816 to 823
00164.880	00165.080	00165.280	00165.480	00165.680	00165.880	00166.080	00166.280	cell = 824 to 831
00166.480	00166.680	00166.880	00167.080	00167.280	00167.481	00167.681	00167.881	cell = 832 to 839
00168.081	00168.281	00168.481	00168.681	00168.881	00169.081	00169.281	00169.481	cell = 840 to 847
00169.681	00169.882	00170.082	00170.282	00170.482	00170.681	00170.881	00171.081	cell = 848 to 855
00171.281	00171.481	00171.681	00171.881	00172.081	00172.281	00172.482	00172.682	cell = 856 to 863
00172.883	00173.083	00173.284	00173.484	00173.685	00173.885	00174.085	00174.286	cell = 864 to 871
00174.486	00174.687	00174.887	00175.088	00175.288	00175.488	00175.689	00175.889	cell = 872 to 879
00176.090	00176.290	00176.490	00176.690	00176.890	00177.090	00177.290	00177.490	cell = 880 to 887
00177.690	00177.890	00178.090	00178.290	00178.489	00178.689	00178.888	00179.087	cell = 888 to 895
00179.287	00179.486	00179.685	00179.884	00180.083	00180.283	00180.482	00180.682	cell = 896 to 903
00180.881	00181.081	00181.280	00181.480	00181.680	00181.880	00182.080	00182.280	cell = 904 to 911
00182.480	00182.680	00182.880	00183.080	00183.280	00183.480	00183.680	00183.880	cell = 912 to 919
00184.081	00184.281	00184.481	00184.681	00184.881	00185.081	00185.281	00185.480	cell = 920 to 927
00185.680	00185.879	00186.079	00186.278	00186.478	00186.677	00186.876	00187.075	cell = 928 to 935
00187.275	00187.474	00187.673	00187.872	00188.072	00188.271	00188.470	00188.669	cell = 936 to 943
00188.868	00189.067	00189.267	00189.466	00189.665	00189.864	00190.063	00190.262	cell = 944 to 951
00190.461	00190.659	00190.858	00191.057	00191.256	00191.454	00191.653	00191.851	cell = 952 to 959
00192.050	00192.249	00192.447	00192.645	00192.844	00193.042	00193.241	00193.439	cell = 960 to 967
00193.638	00193.837	00194.036	00194.235	00194.434	00194.633	00194.832	00195.031	cell = 968 to 975
00195.231	00195.430	00195.629	00195.829	00196.029	00196.229	00196.429	00196.628	cell = 976 to 983
00196.828	00197.028	00197.228	00197.429	00197.629	00197.829	00198.030	00198.230	cell = 984 to 991
00198.431	00198.631	00198.832	00199.033	00199.233	00199.434	00199.634	00199.835	cell = 992 to 999
00200.035	00200.235	00200.436	00200.636	00200.836	00201.036	00201.235	00201.434	cell = 1000 to 1007
00201.634	00201.833	00202.032	00202.231	00202.429	00202.628	00202.826	00203.024	cell = 1008 to 1015
00203.222	00203.419	00203.617	00203.815	00204.012	00204.209	00204.406	00204.603	cell = 1016 to 1023
