Calibration values from cell 0 to 1024 for channel 0:

46	-1	57	23	26	7	58	9	cell = 0 to 7
52	2	39	-39	71	-49	36	-30	cell = 8 to 15
60	14	11	-28	35	-37	45	-9	cell = 16 to 23
24	77	31	15	68	-6	12	-7	cell = 24 to 31
65	-18	35	-3	62	-19	58	-36	cell = 32 to 39
47	-26	47	-50	19	-33	85	-26	cell = 40 to 47
43	-42	33	0	34	-22	26	30	cell = 48 to 55
79	7	20	3	22	52	36	10	cell = 56 to 63
43	-13	48	17	7	-14	43	-27	cell = 64 to 71
36	-5	50	13	57	-43	53	6	cell = 72 to 79
55	-4	79	22	70	-17	43	-24	cell = 80 to 87
27	-4	54	-8	10	-8	42	33	cell = 88 to 95
78	12	64	-32	26	10	27	2	cell = 96 to 103
47	-18	27	2	47	-15	58	-1	cell = 104 to 111
51	4	64	28	32	-6	56	4	cell = 112 to 119
70	13	44	-12	3	-5	48	-70	cell = 120 to 127
21	0	44	-50	45	18	23	15	cell = 128 to 135
26	-27	74	-33	33	-41	11	-16	cell = 136 to 143
55	-25	36	13	28	6	57	-6	cell = 144 to 151
55	-19	75	8	33	13	44	-22	cell = 152 to 159
15	-16	54	44	47	25	65	-17	cell = 160 to 167
54	-49	54	-13	80	5	42	-28	cell = 168 to 175
28	-3	13	-2	59	30	38	-27	cell = 176 to 183
20	56	56	-8	52	-2	70	-13	cell = 184 to 191
27	-14	52	-9	68	40	34	-28	cell = 192 to 199
31	26	38	10	76	-33	21	4	cell = 200 to 207
14	17	46	13	40	-13	55	-16	cell = 208 to 215
26	18	108	8	52	-12	23	0	cell = 216 to 223
45	-13	30	23	21	38	0	1	cell = 224 to 231
54	25	85	5	17	17	17	-5	cell = 232 to 239
34	-12	29	0	21	16	32	-26	cell = 240 to 247
33	17	38	2	76	20	27	-5	cell = 248 to 255
36	7	24	-60	37	-11	9	6	cell = 256 to 263
21	0	25	-29	32	-15	32	-35	cell = 264 to 271
56	21	50	-37	11	-7	44	45	cell = 272 to 279
59	-16	31	-10	55	-38	50	-19	cell = 280 to 287
48	18	23	0	40	17	71	46	cell = 288 to 295
-14	-6	31	2	35	-20	34	42	cell = 296 to 303
53	5	30	-10	17	0	48	-12	cell = 304 to 311
68	-24	53	-2	54	-13	50	-2	cell = 312 to 319
64	-21	40	-37	52	11	53	-9	cell = 320 to 327
38	-27	20	18	35	-12	77	-43	cell = 328 to 335
37	3	51	10	38	-2	39	-37	cell = 336 to 343
16	-15	78	16	48	-2	62	-10	cell = 344 to 351
22	1	52	-9	41	16	39	-28	cell = 352 to 359
53	21	58	5	9	33	67	13	cell = 360 to 367
50	2	59	-14	85	-34	25	5	cell = 368 to 375
57	-16	81	17	56	-45	40	-37	cell = 376 to 383
27	19	54	25	52	6	3	2	cell = 384 to 391
62	-14	25	2	42	-10	58	-9	cell = 392 to 399
44	-24	59	-15	66	3	27	11	cell = 400 to 407
46	15	75	-6	69	-16	52	19	cell = 408 to 415
34	-40	25	-12	35	-15	20	-17	cell = 416 to 423
21	-5	59	17	48	-11	43	6	cell = 424 to 431
41	-23	58	22	30	-32	46	22	cell = 432 to 439
40	0	28	-21	61	-61	31	-5	cell = 440 to 447
31	19	-1	-23	61	28	58	28	cell = 448 to 455
59	33	25	-52	0	14	48	12	cell = 456 to 463
80	-11	17	-44	53	-15	20	7	cell = 464 to 471
48	-11	72	1	17	-30	51	-7	cell = 472 to 479
44	10	20	-48	55	-5	40	2	cell = 480 to 487
55	27	9	23	60	29	37	-4	cell = 488 to 495
62	-19	-23	-107	-50	-63	-12	-95	cell = 496 to 503
88	39	95	-7	69	0	71	17	cell = 504 to 511
15	18	-11	-26	37	-14	-25	-85	cell = 512 to 519
-34	-94	-51	-36	2	-35	-56	-15	cell = 520 to 527
2	-17	16	-37	-16	-8	13	23	cell = 528 to 535
-11	-4	-4	5	2	5	-64	-27	cell = 536 to 543
-26	-25	-19	0	5	-31	-11	-21	cell = 544 to 551
-48	9	-7	-21	-5	-29	-39	-40	cell = 552 to 559
-28	-13	-26	-3	16	31	-13	19	cell = 560 to 567
-28	-20	38	3	-20	-48	-16	8	cell = 568 to 575
-36	-15	-36	-42	-30	-30	-46	-27	cell = 576 to 583
-12	10	15	-42	-26	-21	-4	-30	cell = 584 to 591
-37	-24	-23	-8	-19	-1	-44	-35	cell = 592 to 599
-14	-22	5	0	-2	-33	-24	-2	cell = 600 to 607
-23	-37	-18	-35	-22	-2	-21	-39	cell = 608 to 615
34	-13	2	-34	-29	-1	-14	-59	cell = 616 to 623
-23	8	27	-9	-18	-52	-15	-24	cell = 624 to 631
8	5	-11	-8	-12	-46	-8	-10	cell = 632 to 639
-33	0	-36	23	-28	-31	-70	-26	cell = 640 to 647
-23	-24	-12	-4	-27	27	-52	-4	cell = 648 to 655
-55	-21	14	-2	-2	-10	-34	-44	cell = 656 to 663
-14	-13	-19	3	-52	-2	-10	17	cell = 664 to 671
-42	6	-22	-22	-27	-28	20	-38	cell = 672 to 679
2	-9	-35	-10	-26	15	10	-7	cell = 680 to 687
-20	-8	-8	-57	-50	18	-57	-24	cell = 688 to 695
-37	-16	-8	-7	-36	-50	-5	-26	cell = 696 to 703
-22	-26	-8	-58	-2	0	-7	-17	cell = 704 to 711
-18	-20	0	-26	-78	-29	-36	-36	cell = 712 to 719
1	-28	-35	-41	-37	-10	-17	0	cell = 720 to 727
-35	14	17	-46	-16	12	-40	-32	cell = 728 to 735
-17	-42	-7	14	-30	-44	8	-6	cell = 736 to 743
-14	-6	-47	-20	-30	16	-35	-38	cell = 744 to 751
-36	-17	16	-30	-20	-12	-10	-40	cell = 752 to 759
17	-39	-46	22	20	-9	-3	-11	cell = 760 to 767
-69	-71	8	-37	-23	-11	-3	-37	cell = 768 to 775
16	-25	19	-36	-24	-3	-22	-41	cell = 776 to 783
-25	-9	-29	-11	-17	-35	-4	-40	cell = 784 to 791
-10	-12	-33	-53	-19	-4	17	-58	cell = 792 to 799
5	-49	4	-38	3	-13	-11	-2	cell = 800 to 807
-26	-34	-5	20	-35	-30	4	16	cell = 808 to 815
-41	-14	-47	11	7	-27	-19	-36	cell = 816 to 823
-39	-8	-39	6	-28	-15	-12	-55	cell = 824 to 831
-28	-18	-29	-32	-11	-40	-4	-50	cell = 832 to 839
-28	-30	4	-5	0	-10	-23	-47	cell = 840 to 847
-21	-38	-21	-21	-42	-10	-2	-1	cell = 848 to 855
-15	-17	-8	-3	-23	-30	0	-32	cell = 856 to 863
-37	-46	-38	-3	25	-18	3	-58	cell = 864 to 871
-14	-57	13	0	-18	-23	-32	-22	cell = 872 to 879
-31	-23	-21	-60	-45	-48	0	22	cell = 880 to 887
-7	3	-51	-33	-20	-38	-38	11	cell = 888 to 895
-51	-23	-44	-35	-48	-13	-20	-12	cell = 896 to 903
-38	16	-2	14	-39	-13	-43	-9	cell = 904 to 911
19	-31	-19	-28	-43	-33	-12	-20	cell = 912 to 919
-14	-30	-37	0	-39	11	-11	-28	cell = 920 to 927
-11	-23	-39	-20	-20	-4	-16	5	cell = 928 to 935
-22	-30	25	-43	-12	15	-14	-33	cell = 936 to 943
-52	-1	-29	-14	19	-8	-60	-65	cell = 944 to 951
-39	-37	-36	-40	-17	-31	4	9	cell = 952 to 959
-22	-26	-18	-51	-39	-16	-3	-28	cell = 960 to 967
-5	-44	-56	-28	-51	52	-25	16	cell = 968 to 975
-28	1	-47	-6	-45	-6	-8	-27	cell = 976 to 983
-2	-39	0	-16	-39	52	-3	-30	cell = 984 to 991
-46	-18	-23	-18	-20	-26	1	7	cell = 992 to 999
-6	-19	6	-25	-44	-5	-21	-63	cell = 1000 to 1007
-24	-22	-41	-20	11	-11	-21	-8	cell = 1008 to 1015
2	-56	-66	-8	-54	0	-17	-5	cell = 1016 to 1023
Calibration values from cell 0 to 1024 for channel 1:

28	14	66	19	17	4	58	19	cell = 0 to 7
72	-2	61	6	41	-71	34	-19	cell = 8 to 15
70	22	45	-17	37	29	56	26	cell = 16 to 23
54	-8	63	-41	33	42	48	-15	cell = 24 to 31
61	-35	77	-42	39	3	22	-24	cell = 32 to 39
34	-8	45	-29	80	1	54	-46	cell = 40 to 47
27	-53	7	-30	34	23	20	-10	cell = 48 to 55
44	-15	-22	21	75	-58	72	-3	cell = 56 to 63
67	0	37	-8	51	-39	56	-25	cell = 64 to 71
45	-13	52	5	64	-8	-7	-39	cell = 72 to 79
26	-42	66	-25	52	-40	41	-1	cell = 80 to 87
54	-24	52	-37	18	31	26	-12	cell = 88 to 95
24	4	41	-6	74	19	41	26	cell = 96 to 103
14	-9	39	-27	28	10	44	0	cell = 104 to 111
77	-36	32	-17	60	-23	40	0	cell = 112 to 119
52	-15	78	16	-9	21	55	-13	cell = 120 to 127
11	-8	19	6	40	33	37	41	cell = 128 to 135
40	-14	47	11	24	19	73	4	cell = 136 to 143
72	-25	45	-25	17	27	93	-25	cell = 144 to 151
53	-26	49	-62	64	15	41	-2	cell = 152 to 159
63	8	64	-16	47	-9	59	-17	cell = 160 to 167
30	9	21	-16	56	19	58	-44	cell = 168 to 175
66	-18	38	-18	85	-9	36	15	cell = 176 to 183
58	-11	16	42	56	17	27	-15	cell = 184 to 191
64	-14	25	-16	23	-18	20	-21	cell = 192 to 199
51	28	28	3	-5	-6	41	16	cell = 200 to 207
50	18	30	4	47	-31	60	17	cell = 208 to 215
33	-12	13	-28	14	-33	63	-38	cell = 216 to 223
46	33	64	-13	27	-7	26	18	cell = 224 to 231
41	14	32	24	64	-21	53	-7	cell = 232 to 239
54	-23	95	-21	32	-1	8	-26	cell = 240 to 247
72	-39	27	16	56	-19	-9	-37	cell = 248 to 255
26	32	64	-47	20	-5	30	-20	cell = 256 to 263
30	15	12	5	65	-28	27	25	cell = 264 to 271
59	2	43	-8	64	-58	39	-43	cell = 272 to 279
30	-15	11	-16	60	5	94	10	cell = 280 to 287
68	-3	17	-7	45	-19	39	11	cell = 288 to 295
112	19	54	-21	65	14	15	3	cell = 296 to 303
73	22	20	-8	87	6	60	-32	cell = 304 to 311
68	-37	31	-8	22	-35	19	-12	cell = 312 to 319
47	-58	70	11	54	-24	43	-31	cell = 320 to 327
60	-24	29	-16	33	8	49	-14	cell = 328 to 335
68	17	35	-10	66	-22	22	-2	cell = 336 to 343
34	-21	80	-40	20	-12	44	5	cell = 344 to 351
64	44	18	8	20	-6	36	-23	cell = 352 to 359
17	-26	35	7	70	56	49	-44	cell = 360 to 367
87	29	65	-16	22	-25	17	7	cell = 368 to 375
34	-40	45	-19	85	-34	55	11	cell = 376 to 383
34	-32	18	1	59	-17	59	-25	cell = 384 to 391
72	-20	43	17	48	3	34	15	cell = 392 to 399
76	-28	34	-5	67	-39	7	36	cell = 400 to 407
26	-13	49	18	54	-8	60	-6	cell = 408 to 415
43	-5	44	-55	17	9	64	-3	cell = 416 to 423
44	10	68	-18	24	-26	19	9	cell = 424 to 431
0	-56	54	-6	79	-21	55	29	cell = 432 to 439
23	-9	18	-8	53	10	32	20	cell = 440 to 447
32	-17	53	-16	55	-22	54	-7	cell = 448 to 455
15	-18	92	-35	81	33	22	17	cell = 456 to 463
31	18	37	-20	66	2	51	3	cell = 464 to 471
33	-34	74	13	62	16	43	-30	cell = 472 to 479
20	-28	27	4	48	-38	44	-4	cell = 480 to 487
48	-21	20	-1	49	-7	34	-13	cell = 488 to 495
53	-7	-53	-61	-24	-116	-47	-30	cell = 496 to 503
58	-41	14	-3	43	18	30	31	cell = 504 to 511
-12	-13	32	-51	-29	-41	-27	-30	cell = 512 to 519
-43	2	-16	-36	-38	-6	-48	-41	cell = 520 to 527
-18	-43	5	-25	-39	2	-1	12	cell = 528 to 535
-4	7	-21	1	1	-19	-6	-20	cell = 536 to 543
-40	-5	-9	22	-43	-47	11	-5	cell = 544 to 551
-10	-40	-3	-68	-20	-21	-26	-57	cell = 552 to 559
10	15	-21	-30	-4	18	-9	-27	cell = 560 to 567
6	6	1	-30	-13	7	-51	-53	cell = 568 to 575
-36	6	-10	-17	-39	-56	6	17	cell = 576 to 583
-54	-88	-15	13	1	-34	-37	8	cell = 584 to 591
-27	-3	0	-21	2	2	-9	-21	cell = 592 to 599
-16	-47	8	5	-25	-21	-17	-18	cell = 600 to 607
5	-7	-7	-2	13	-3	-54	4	cell = 608 to 615
-40	-5	-43	-12	-45	1	-2	-26	cell = 616 to 623
23	-14	-39	3	4	-43	-48	40	cell = 624 to 631
-39	3	8	10	1	-5	-24	-11	cell = 632 to 639
-3	-20	-48	24	-51	-2	5	-31	cell = 640 to 647
-57	-25	-24	-27	-29	2	-36	-7	cell = 648 to 655
-30	-13	17	6	-13	-5	-19	-13	cell = 656 to 663
-44	-14	-10	2	21	-34	-3	5	cell = 664 to 671
-33	-10	6	-2	-48	-52	-25	8	cell = 672 to 679
-15	24	6	-32	-51	-41	-69	33	cell = 680 to 687
-42	-32	-16	-21	-35	-1	23	31	cell = 688 to 695
3	-30	-3	-26	-32	-10	3	-60	cell = 696 to 703
-6	-33	-37	-21	-5	-36	2	-23	cell = 704 to 711
20	-37	1	-17	-21	10	-21	-34	cell = 712 to 719
-16	-17	1	-6	-21	-47	2	-42	cell = 720 to 727
-25	-23	-22	7	24	4	36	1	cell = 728 to 735
8	6	3	-4	-18	-55	-58	-8	cell = 736 to 743
-18	-49	-30	-38	-40	18	40	-18	cell = 744 to 751
-31	-33	-16	-27	-66	-41	10	-17	cell = 752 to 759
-26	-17	18	-10	-33	-40	-26	-43	cell = 760 to 767
3	-10	17	-30	-3	-45	-47	-27	cell = 768 to 775
-19	-5	3	7	-30	7	-21	-9	cell = 776 to 783
-17	-19	-45	-34	-27	38	4	-5	cell = 784 to 791
-32	-28	17	-24	-47	-29	-10	-25	cell = 792 to 799
23	4	-41	3	-28	-26	-46	-21	cell = 800 to 807
19	-73	-13	-17	4	-29	-19	-33	cell = 808 to 815
9	-4	-13	-16	10	-41	-50	-4	cell = 816 to 823
0	30	-56	-2	-13	-9	-9	-4	cell = 824 to 831
23	-12	-21	-15	-48	-63	-31	-11	cell = 832 to 839
-30	7	-13	-39	-19	-40	-5	-4	cell = 840 to 847
-3	11	-21	-15	-20	-40	-21	43	cell = 848 to 855
1	-32	-8	-2	0	-18	-25	15	cell = 856 to 863
16	-29	-38	-3	-35	-6	-21	-58	cell = 864 to 871
28	-28	-36	-39	-19	1	-21	1	cell = 872 to 879
-40	-34	-7	17	-46	4	-35	-16	cell = 880 to 887
-46	-38	-34	-19	-11	-16	-23	-7	cell = 888 to 895
-27	-10	8	-38	2	-24	-31	3	cell = 896 to 903
-36	-63	-11	9	-64	-25	-52	-10	cell = 904 to 911
-8	-3	-29	-18	-30	24	-34	-35	cell = 912 to 919
-31	-7	-51	-26	-49	-30	-46	-15	cell = 920 to 927
-44	1	-31	-13	26	-48	-44	-13	cell = 928 to 935
-46	-26	-39	-43	-30	19	-45	11	cell = 936 to 943
27	-19	-23	-19	-47	-22	-33	17	cell = 944 to 951
1	-3	-42	-5	-63	10	-51	-34	cell = 952 to 959
-16	-28	-29	-12	-32	-14	-27	-30	cell = 960 to 967
-24	-33	-61	-10	-10	-42	34	13	cell = 968 to 975
27	0	-42	-72	-6	-24	-11	-43	cell = 976 to 983
4	19	-15	-25	5	31	-73	-9	cell = 984 to 991
-40	-45	-24	-30	-32	-43	-20	-23	cell = 992 to 999
-26	-12	-13	-9	-5	4	-65	-21	cell = 1000 to 1007
-41	-10	-17	-13	-18	-24	-46	12	cell = 1008 to 1015
-18	-10	-15	-33	-28	-52	6	-50	cell = 1016 to 1023
Calibration values from cell 0 to 1024 for channel 2:

43	5	64	-6	47	-5	83	1	cell = 0 to 7
10	-17	31	8	1	1	55	8	cell = 8 to 15
65	50	60	0	46	-22	38	-4	cell = 16 to 23
69	-37	19	3	64	-16	86	3	cell = 24 to 31
49	-9	49	-31	-4	-37	33	27	cell = 32 to 39
58	14	51	12	33	-19	28	-11	cell = 40 to 47
47	-6	1	-25	49	-56	17	-8	cell = 48 to 55
15	-11	28	-16	32	6	34	-2	cell = 56 to 63
22	-24	46	10	52	10	38	19	cell = 64 to 71
51	-9	27	-4	51	-20	46	8	cell = 72 to 79
89	38	19	6	35	14	10	-21	cell = 80 to 87
58	-43	27	21	48	34	54	-15	cell = 88 to 95
30	6	65	19	27	-14	73	-5	cell = 96 to 103
65	-17	-17	25	43	-53	81	-2	cell = 104 to 111
42	-35	63	-7	-5	-30	42	35	cell = 112 to 119
49	-14	11	27	51	6	40	-50	cell = 120 to 127
5	-29	25	3	53	-32	60	-24	cell = 128 to 135
46	9	46	21	61	17	26	-25	cell = 136 to 143
47	10	33	-13	26	-1	47	-8	cell = 144 to 151
46	-13	41	24	52	2	27	-32	cell = 152 to 159
56	32	40	-8	26	-21	27	-16	cell = 160 to 167
57	-23	73	4	88	38	-11	-27	cell = 168 to 175
68	12	80	-12	18	12	23	32	cell = 176 to 183
60	-33	19	-60	48	-22	69	-4	cell = 184 to 191
49	-13	17	-34	22	-35	39	-27	cell = 192 to 199
71	-23	32	-5	56	35	57	-41	cell = 200 to 207
41	-39	5	-11	94	14	73	-16	cell = 208 to 215
96	13	16	-25	67	-5	23	8	cell = 216 to 223
33	-34	0	22	17	-21	18	15	cell = 224 to 231
86	-38	21	43	49	24	20	17	cell = 232 to 239
62	0	35	-15	38	-14	34	39	cell = 240 to 247
72	-5	28	25	20	27	36	-36	cell = 248 to 255
72	-15	30	25	66	-32	3	-42	cell = 256 to 263
39	-64	26	-45	80	-39	51	-10	cell = 264 to 271
68	-8	80	-6	29	8	77	-39	cell = 272 to 279
36	-9	4	-10	66	6	40	-40	cell = 280 to 287
61	3	43	16	51	14	13	2	cell = 288 to 295
46	19	69	22	34	-32	70	21	cell = 296 to 303
90	-35	39	-15	47	-1	62	-10	cell = 304 to 311
39	26	23	-4	76	-9	31	-12	cell = 312 to 319
26	-11	68	-15	34	-64	32	-18	cell = 320 to 327
4	-9	37	-2	16	-16	37	-52	cell = 328 to 335
34	-27	32	4	15	43	61	-7	cell = 336 to 343
28	-8	24	23	-9	10	50	-4	cell = 344 to 351
6	-45	84	-5	5	-8	18	-29	cell = 352 to 359
66	-7	58	-7	42	-17	40	-21	cell = 360 to 367
50	36	29	-29	29	47	49	22	cell = 368 to 375
66	-25	53	-3	35	9	26	4	cell = 376 to 383
23	38	37	-39	81	-14	37	2	cell = 384 to 391
13	33	-22	-6	60	10	39	-28	cell = 392 to 399
18	22	19	-10	72	0	43	-16	cell = 400 to 407
19	-6	42	-2	30	-24	46	2	cell = 408 to 415
58	2	81	-19	35	27	38	32	cell = 416 to 423
33	9	80	6	28	20	46	-5	cell = 424 to 431
37	-26	38	-55	41	-12	84	0	cell = 432 to 439
46	-13	31	-21	41	-20	49	-27	cell = 440 to 447
69	-41	41	-22	50	-36	1	-14	cell = 448 to 455
-24	0	55	-3	79	-39	52	-4	cell = 456 to 463
41	-9	12	-21	32	-9	108	0	cell = 464 to 471
45	1	19	14	35	-13	44	7	cell = 472 to 479
71	17	79	1	64	4	102	29	cell = 480 to 487
40	-32	41	-19	28	-45	46	6	cell = 488 to 495
54	-1	-19	-88	-89	-84	-39	-88	cell = 496 to 503
38	6	50	-38	45	-9	28	-38	cell = 504 to 511
-39	-46	-56	-20	-7	-1	-9	-41	cell = 512 to 519
0	-34	-28	18	0	-52	-35	-14	cell = 520 to 527
-18	-40	-13	30	5	5	-5	22	cell = 528 to 535
-6	-4	-2	-33	13	-34	29	-19	cell = 536 to 543
-34	-22	-36	-38	0	-37	29	26	cell = 544 to 551
-8	-42	-26	-50	-31	-59	-26	-12	cell = 552 to 559
-8	-7	-47	-30	-19	-8	23	-40	cell = 560 to 567
-61	2	-30	-12	-7	-50	-55	-1	cell = 568 to 575
-24	-59	-32	-37	-8	26	9	-16	cell = 576 to 583
-29	16	10	-14	0	-17	-39	26	cell = 584 to 591
10	-43	-32	-29	6	-16	-44	9	cell = 592 to 599
2	15	-41	0	-12	-57	3	-37	cell = 600 to 607
-46	-19	-71	-37	-3	-28	-21	-7	cell = 608 to 615
-4	0	-3	6	31	-25	-18	-25	cell = 616 to 623
-12	-23	-28	-37	4	-19	2	4	cell = 624 to 631
-19	-40	-11	-26	-13	-18	-20	-20	cell = 632 to 639
-57	-30	26	3	16	0	0	17	cell = 640 to 647
-16	8	-53	-23	40	-38	-42	-19	cell = 648 to 655
3	-49	15	-34	-14	-51	-5	-48	cell = 656 to 663
-42	14	-4	-61	13	-2	17	6	cell = 664 to 671
-49	-27	12	20	-19	7	-7	2	cell = 672 to 679
-9	29	47	-36	-32	-2	-11	-4	cell = 680 to 687
-19	8	10	-10	-38	7	-55	-15	cell = 688 to 695
-4	-25	-37	-36	40	-2	-28	-28	cell = 696 to 703
-31	-2	-45	-19	-4	-33	-30	-69	cell = 704 to 711
-10	-15	7	-16	7	-36	8	-24	cell = 712 to 719
-31	-17	-8	-34	12	0	6	0	cell = 720 to 727
0	-6	45	-32	-31	-9	-7	11	cell = 728 to 735
-25	-11	-9	-60	-37	10	30	-56	cell = 736 to 743
-52	-64	-28	-2	3	-6	-13	-20	cell = 744 to 751
16	-1	1	-49	-46	-20	-11	-23	cell = 752 to 759
-8	-23	-18	-29	-38	-73	14	-39	cell = 760 to 767
-48	-49	5	0	-38	-17	-36	-7	cell = 768 to 775
-12	-19	-8	-7	-40	-2	-19	11	cell = 776 to 783
-7	17	8	-37	-27	-33	23	-6	cell = 784 to 791
-2	-12	-5	-52	23	-4	-33	-3	cell = 792 to 799
-5	-42	-5	-33	-4	-22	9	-12	cell = 800 to 807
21	6	-28	-59	-25	-38	6	-10	cell = 808 to 815
0	-49	9	-37	-37	-39	18	7	cell = 816 to 823
-6	20	-23	-33	15	-12	-13	-21	cell = 824 to 831
-12	-30	-19	3	-31	-11	-10	-50	cell = 832 to 839
-32	26	-36	27	5	-35	-29	-33	cell = 840 to 847
-37	-45	-19	-2	-20	-8	-19	8	cell = 848 to 855
2	-52	-10	-21	-66	-5	0	-29	cell = 856 to 863
-32	-39	-26	7	-14	19	-34	6	cell = 864 to 871
-51	-44	-23	-6	-4	5	-39	-45	cell = 872 to 879
16	-47	-26	-32	23	-7	0	-16	cell = 880 to 887
-38	-18	-15	-22	-30	1	-18	-7	cell = 888 to 895
2	-40	-11	22	-30	-41	1	16	cell = 896 to 903
-2	28	-44	40	32	-37	-20	-41	cell = 904 to 911
-23	-29	-20	-24	-37	-38	-27	-15	cell = 912 to 919
-13	10	-37	-35	-49	-38	-23	-21	cell = 920 to 927
1	-38	-29	-25	0	28	-34	-22	cell = 928 to 935
-8	-25	-22	11	4	-22	-12	-38	cell = 936 to 943
-40	-56	-16	-22	-21	-56	30	-49	cell = 944 to 951
-10	19	-31	6	20	-19	-3	19	cell = 952 to 959
-68	-50	-48	-20	-40	-9	-36	-24	cell = 960 to 967
-33	-24	-17	-31	-13	-12	-33	-17	cell = 968 to 975
6	8	21	1	-49	-73	-15	-62	cell = 976 to 983
-34	22	-30	-49	-21	24	2	-33	cell = 984 to 991
22	-59	-33	-4	4	-73	-26	-50	cell = 992 to 999
-31	-10	-34	-13	-25	-53	-30	-8	cell = 1000 to 1007
-29	-37	-62	-32	5	-35	-50	-68	cell = 1008 to 1015
-19	-20	-18	-27	-58	-23	-52	-16	cell = 1016 to 1023
Calibration values from cell 0 to 1024 for channel 3:

5	1	22	-9	41	-32	49	32	cell = 0 to 7
12	-27	-3	3	40	-43	12	-17	cell = 8 to 15
34	11	82	-27	64	-16	26	-44	cell = 16 to 23
92	-13	55	-33	30	17	23	22	cell = 24 to 31
42	19	42	-28	27	-16	40	1	cell = 32 to 39
33	-53	81	-15	2	15	58	-38	cell = 40 to 47
52	-15	95	-14	8	-6	19	-5	cell = 48 to 55
49	-8	65	-47	21	-21	19	13	cell = 56 to 63
8	-38	43	-6	68	-32	55	34	cell = 64 to 71
85	-13	88	-15	86	0	44	-10	cell = 72 to 79
32	11	17	-5	30	-37	44	22	cell = 80 to 87
53	33	45	-29	23	-15	40	-38	cell = 88 to 95
38	-15	47	-36	41	-23	24	-43	cell = 96 to 103
71	17	35	-3	56	15	31	4	cell = 104 to 111
67	-33	16	-47	39	-13	58	-17	cell = 112 to 119
67	21	91	0	23	22	63	-25	cell = 120 to 127
64	27	35	-16	76	3	87	-20	cell = 128 to 135
76	16	36	-13	35	-32	71	-2	cell = 136 to 143
6	-33	28	-6	46	-18	32	-14	cell = 144 to 151
81	-25	60	15	31	1	26	9	cell = 152 to 159
79	-11	73	0	25	-28	54	8	cell = 160 to 167
58	-3	32	-21	75	-20	49	-43	cell = 168 to 175
68	-11	0	-12	58	-29	54	-41	cell = 176 to 183
13	-9	60	-27	69	1	67	-25	cell = 184 to 191
38	6	52	-32	11	0	42	-9	cell = 192 to 199
51	-1	32	-19	86	-13	49	-56	cell = 200 to 207
68	-39	13	-53	68	-31	43	-20	cell = 208 to 215
35	-3	16	6	91	-49	39	-9	cell = 216 to 223
6	-25	69	50	84	-28	58	-11	cell = 224 to 231
22	38	70	-25	64	-12	48	2	cell = 232 to 239
8	-29	53	-7	40	12	50	-23	cell = 240 to 247
37	-23	41	20	58	-6	41	-7	cell = 248 to 255
43	1	39	-12	92	-34	55	40	cell = 256 to 263
47	15	63	2	30	-26	-4	6	cell = 264 to 271
57	-15	50	28	72	-45	47	-23	cell = 272 to 279
53	3	29	40	63	-17	28	-35	cell = 280 to 287
23	-25	49	-15	69	-25	54	-9	cell = 288 to 295
86	-57	13	-20	37	-47	23	-28	cell = 296 to 303
20	-21	71	-31	44	26	53	28	cell = 304 to 311
1	2	58	60	40	6	53	0	cell = 312 to 319
70	12	69	10	20	6	31	-45	cell = 320 to 327
62	3	85	-10	81	5	20	-24	cell = 328 to 335
44	-18	36	-27	58	-35	26	-18	cell = 336 to 343
41	-15	25	-1	42	0	64	13	cell = 344 to 351
46	-24	75	2	54	16	33	-13	cell = 352 to 359
19	3	21	-8	15	-12	0	-49	cell = 360 to 367
54	-42	59	4	19	3	4	-18	cell = 368 to 375
53	-12	-1	4	68	21	54	29	cell = 376 to 383
11	31	0	-16	33	-57	47	-14	cell = 384 to 391
20	-79	107	-40	32	-46	39	8	cell = 392 to 399
37	-18	53	7	32	-60	22	-9	cell = 400 to 407
24	-18	25	-6	37	1	15	26	cell = 408 to 415
77	18	63	13	42	1	19	-38	cell = 416 to 423
82	-22	20	-2	40	0	10	-52	cell = 424 to 431
40	3	49	37	40	33	29	-5	cell = 432 to 439
5	17	49	-12	35	55	39	-31	cell = 440 to 447
62	-37	70	16	48	26	29	-26	cell = 448 to 455
61	-7	112	-9	54	-25	37	-47	cell = 456 to 463
42	28	45	-27	56	-12	64	-29	cell = 464 to 471
35	6	48	-18	36	46	68	-2	cell = 472 to 479
34	-1	20	22	71	3	40	-13	cell = 480 to 487
70	4	75	-14	38	22	25	-14	cell = 488 to 495
29	2	-62	-13	4	-94	-15	-74	cell = 496 to 503
62	5	67	14	36	-8	38	-21	cell = 504 to 511
0	-7	-34	3	-18	18	-23	30	cell = 512 to 519
0	-8	25	-23	-33	0	-19	-19	cell = 520 to 527
-17	-44	-13	-1	1	-36	-35	-7	cell = 528 to 535
-42	15	13	-13	1	-5	-51	-12	cell = 536 to 543
-27	-27	-33	-31	-48	-3	-15	9	cell = 544 to 551
-35	-35	-6	-33	0	-3	9	2	cell = 552 to 559
-25	20	-27	-9	3	-29	-9	2	cell = 560 to 567
-10	6	-7	-51	15	1	-6	-39	cell = 568 to 575
-59	-13	-37	18	-24	-27	0	-29	cell = 576 to 583
-28	-5	-8	4	-4	-6	9	-10	cell = 584 to 591
-7	13	-10	-8	-21	-31	-48	-26	cell = 592 to 599
-27	-17	-13	13	5	-23	-14	-18	cell = 600 to 607
-56	-20	-6	23	7	18	-3	-7	cell = 608 to 615
-4	-38	8	-15	5	-36	-24	-18	cell = 616 to 623
-6	-28	-37	13	-18	5	33	-43	cell = 624 to 631
-58	13	-24	0	-40	-21	-32	-43	cell = 632 to 639
-17	-9	-15	-42	-11	7	-16	-50	cell = 640 to 647
-25	-27	-24	-25	-29	-51	-9	-15	cell = 648 to 655
33	-5	7	-34	-32	-25	-1	12	cell = 656 to 663
-20	1	-6	-32	-7	11	-30	10	cell = 664 to 671
-4	-4	-8	-16	-14	21	-2	-18	cell = 672 to 679
-52	-31	20	-58	-22	-22	-27	-36	cell = 680 to 687
-21	9	10	-17	-22	-35	-44	8	cell = 688 to 695
0	-5	-4	-19	-56	10	-28	-24	cell = 696 to 703
-7	-36	24	-30	-15	-21	-25	13	cell = 704 to 711
-23	-25	22	-6	-27	-38	-28	-34	cell = 712 to 719
-61	-3	-14	-52	7	-17	-29	-12	cell = 720 to 727
-57	-15	-32	0	-27	-12	2	-20	cell = 728 to 735
-29	-50	6	-30	-44	-4	-25	-37	cell = 736 to 743
2	-25	-17	-63	-20	6	1	-66	cell = 744 to 751
-30	3	-47	5	-20	-24	-33	-35	cell = 752 to 759
-54	-14	3	-14	-44	-20	-37	-22	cell = 760 to 767
-55	-51	-13	-18	-43	-21	-57	7	cell = 768 to 775
17	-11	-21	-31	-44	-28	-16	17	cell = 776 to 783
-39	-8	1	22	-28	-30	-24	-7	cell = 784 to 791
-12	-38	-31	-45	-36	-40	-7	-7	cell = 792 to 799
10	-29	8	15	10	-2	-64	5	cell = 800 to 807
3	-53	-27	-17	-3	-25	-16	-28	cell = 808 to 815
-30	-49	6	-34	-36	-56	8	-15	cell = 816 to 823
-25	-19	11	-16	-26	7	-42	-38	cell = 824 to 831
-37	-12	-5	-41	24	-41	36	-37	cell = 832 to 839
47	-16	-17	-23	-10	-24	-43	12	cell = 840 to 847
5	-41	-38	-6	-23	-42	-11	-11	cell = 848 to 855
12	-3	-39	-39	-13	8	-51	-18	cell = 856 to 863
-42	-46	-20	-10	-48	19	-34	-43	cell = 864 to 871
2	-24	8	-31	-57	-16	29	-3	cell = 872 to 879
-37	-14	-30	-6	-13	-29	-23	-10	cell = 880 to 887
-12	15	-26	-46	-36	-38	-5	-2	cell = 888 to 895
-11	-20	-38	-56	-36	-11	-25	-7	cell = 896 to 903
-7	-51	-22	-21	8	-18	-2	-32	cell = 904 to 911
-20	-62	-11	-26	-27	-18	17	-8	cell = 912 to 919
-45	-28	-2	-38	20	-10	-26	-29	cell = 920 to 927
-26	-14	-31	-21	-2	-21	-7	-29	cell = 928 to 935
2	-4	-22	-48	8	20	-29	-24	cell = 936 to 943
-12	-39	5	-34	-3	-5	-72	-26	cell = 944 to 951
-59	4	-8	-39	-12	14	-26	-23	cell = 952 to 959
-3	-31	-45	29	-23	2	-54	18	cell = 960 to 967
7	-8	-19	-29	14	0	-6	-37	cell = 968 to 975
-22	-25	-16	15	-9	3	-33	-32	cell = 976 to 983
27	20	-15	37	-13	-13	-35	-48	cell = 984 to 991
-22	-34	16	21	-11	-52	29	-37	cell = 992 to 999
-66	-6	-25	27	-46	-3	-2	15	cell = 1000 to 1007
-25	-37	-38	-24	-12	-47	-49	-62	cell = 1008 to 1015
-38	-1	-2	-64	9	-26	-31	-40	cell = 1016 to 1023
Calibration values from cell 0 to 1024 for channel 4:

48	-35	29	-35	47	-29	46	17	cell = 0 to 7
47	32	57	-5	54	-3	26	-38	cell = 8 to 15
64	9	27	10	28	-14	34	14	cell = 16 to 23
55	-50	52	25	66	-4	16	9	cell = 24 to 31
47	-42	74	-37	21	-6	48	-8	cell = 32 to 39
57	-16	7	23	45	-39	48	-16	cell = 40 to 47
40	-19	35	-5	47	17	78	-29	cell = 48 to 55
25	26	35	-32	43	-30	26	-2	cell = 56 to 63
20	-25	26	-23	31	-49	72	9	cell = 64 to 71
-7	-11	57	-12	43	0	48	-1	cell = 72 to 79
108	6	7	-23	94	-14	30	-13	cell = 80 to 87
46	14	73	-20	55	-14	64	-14	cell = 88 to 95
80	-23	33	-11	11	3	24	6	cell = 96 to 103
61	-5	9	9	52	-1	48	32	cell = 104 to 111
56	-30	17	-20	80	26	55	-26	cell = 112 to 119
-10	-23	33	-13	49	20	65	-18	cell = 120 to 127
5	-3	15	8	27	-4	83	25	cell = 128 to 135
34	-33	75	-23	75	24	53	-11	cell = 136 to 143
32	-16	35	30	39	22	67	12	cell = 144 to 151
36	24	91	20	61	-24	8	-4	cell = 152 to 159
27	15	79	-9	83	23	78	12	cell = 160 to 167
49	-19	15	-2	46	-3	30	-19	cell = 168 to 175
27	-60	36	-30	46	-32	17	-19	cell = 176 to 183
38	-13	31	-26	47	-16	70	-15	cell = 184 to 191
70	-6	23	-7	3	-18	53	-15	cell = 192 to 199
39	-52	63	43	48	-25	36	-15	cell = 200 to 207
47	-33	37	-26	15	-36	77	17	cell = 208 to 215
10	-20	-12	7	74	-41	39	-20	cell = 216 to 223
-6	10	42	-11	67	37	27	-23	cell = 224 to 231
59	-15	34	34	55	20	44	-32	cell = 232 to 239
30	-11	79	7	46	-8	112	-3	cell = 240 to 247
79	4	84	-27	72	-43	33	-39	cell = 248 to 255
34	-1	46	-46	47	-9	18	-36	cell = 256 to 263
37	-59	44	-23	50	-37	44	-15	cell = 264 to 271
19	16	88	-15	21	26	40	-27	cell = 272 to 279
57	-31	42	-35	45	-2	27	-31	cell = 280 to 287
78	26	63	-2	43	-16	48	-18	cell = 288 to 295
60	25	33	-21	46	38	41	-15	cell = 296 to 303
47	-23	1	4	51	40	66	5	cell = 304 to 311
64	10	18	10	87	-63	24	-4	cell = 312 to 319
-1	1	13	-7	74	0	60	-22	cell = 320 to 327
27	26	67	-19	56	0	70	-16	cell = 328 to 335
15	-10	68	15	43	19	41	9	cell = 336 to 343
47	-14	27	30	78	13	71	-10	cell = 344 to 351
41	-41	36	-7	22	-22	49	-12	cell = 352 to 359
43	13	36	5	79	44	58	7	cell = 360 to 367
30	-10	23	-48	68	-40	51	-9	cell = 368 to 375
53	-19	16	-6	39	4	56	-47	cell = 376 to 383
43	6	56	27	27	-44	85	-29	cell = 384 to 391
39	-34	46	-13	29	-36	20	13	cell = 392 to 399
20	21	32	-32	41	-12	47	-9	cell = 400 to 407
65	-3	29	12	31	1	37	-43	cell = 408 to 415
26	-39	28	-17	69	-64	74	-4	cell = 416 to 423
66	-35	44	-54	43	-19	80	-31	cell = 424 to 431
43	-30	38	-10	45	11	34	-32	cell = 432 to 439
44	-29	39	13	37	-24	34	-29	cell = 440 to 447
73	6	25	-19	7	19	46	-19	cell = 448 to 455
20	15	25	-12	66	-19	45	3	cell = 456 to 463
75	-8	53	17	45	0	84	-31	cell = 464 to 471
56	1	27	-23	60	-62	52	-8	cell = 472 to 479
53	-36	35	4	11	33	44	-33	cell = 480 to 487
35	-12	45	-5	34	12	36	-40	cell = 488 to 495
47	-28	-3	-72	-30	-89	-29	-49	cell = 496 to 503
66	-5	82	-9	52	-6	48	-37	cell = 504 to 511
-14	-14	-13	28	-39	-21	-18	-20	cell = 512 to 519
-9	-10	-5	-56	19	-11	-6	-11	cell = 520 to 527
-9	1	7	24	-23	6	-14	-45	cell = 528 to 535
-14	-33	3	-1	11	-8	-43	-9	cell = 536 to 543
-29	-25	-55	20	-1	31	-3	26	cell = 544 to 551
-1	10	-22	32	-4	-23	-8	2	cell = 552 to 559
-26	7	-2	-47	-28	-45	-4	-46	cell = 560 to 567
-5	-44	-2	10	-28	1	-54	-42	cell = 568 to 575
19	3	-23	-6	-22	-26	-37	-7	cell = 576 to 583
0	-18	-21	-24	-36	-20	-24	-33	cell = 584 to 591
-7	32	0	-65	-23	13	-39	-25	cell = 592 to 599
1	5	-7	0	-13	-20	17	-9	cell = 600 to 607
12	4	-9	-33	-38	-38	-16	-7	cell = 608 to 615
-9	-60	-3	-24	22	5	13	-7	cell = 616 to 623
17	7	-64	-43	-29	-4	-9	-16	cell = 624 to 631
12	-38	-19	-33	-24	-17	-50	-26	cell = 632 to 639
-69	-35	-7	6	-15	-29	-16	-10	cell = 640 to 647
24	-23	-39	16	0	-17	-3	-33	cell = 648 to 655
-17	13	8	-12	-29	-44	-31	-3	cell = 656 to 663
-28	-9	-33	-45	-48	-33	3	22	cell = 664 to 671
-1	-9	-11	-49	-18	-63	-4	-40	cell = 672 to 679
-57	-38	11	-4	-9	-21	-29	-25	cell = 680 to 687
-46	2	-23	42	-17	-12	-17	-20	cell = 688 to 695
-13	-28	-42	-28	6	-24	-9	5	cell = 696 to 703
-40	-32	-9	1	-66	-1	-42	-4	cell = 704 to 711
-59	-17	-3	-5	-23	0	7	24	cell = 712 to 719
-3	-23	-15	-52	-8	-26	-38	-58	cell = 720 to 727
18	4	0	-37	-27	-34	-2	0	cell = 728 to 735
-62	-35	27	-26	10	-38	-57	-15	cell = 736 to 743
-37	4	6	-40	-7	-8	-43	-43	cell = 744 to 751
-34	0	-12	-33	-74	-20	4	-30	cell = 752 to 759
-30	1	-18	-35	-2	-49	-34	-66	cell = 760 to 767
-53	14	-51	-51	11	-51	-24	-43	cell = 768 to 775
-10	-78	-27	-6	-26	-45	-29	-9	cell = 776 to 783
-27	-26	-15	-4	-10	10	19	-4	cell = 784 to 791
16	-31	-30	-41	-18	-36	-2	6	cell = 792 to 799
-13	-26	-30	2	-33	27	-15	-43	cell = 800 to 807
-12	3	-7	31	-51	-36	-4	11	cell = 808 to 815
-33	23	-33	-3	6	-53	8	7	cell = 816 to 823
-8	-35	-21	-19	-38	-5	-21	7	cell = 824 to 831
-25	-36	9	-13	-44	6	-35	-2	cell = 832 to 839
-14	-43	-24	-14	-8	10	4	-26	cell = 840 to 847
4	-23	1	-17	-25	5	-50	-15	cell = 848 to 855
-31	-36	-57	16	10	-23	-24	0	cell = 856 to 863
-27	-53	5	-7	-6	-8	-1	-25	cell = 864 to 871
-15	-15	-28	-42	1	-51	2	-3	cell = 872 to 879
1	-52	-42	-32	-12	-14	-22	13	cell = 880 to 887
-20	-48	-34	5	-31	3	-42	-21	cell = 888 to 895
-12	-27	-1	-44	33	-65	-31	-1	cell = 896 to 903
-38	-21	-39	-24	-25	-10	-10	9	cell = 904 to 911
-12	-21	-21	-27	-34	-2	-14	-35	cell = 912 to 919
-19	-21	-24	-18	-21	18	-2	-40	cell = 920 to 927
-3	-32	-2	-9	-24	-52	17	7	cell = 928 to 935
-32	22	0	12	11	0	-7	-4	cell = 936 to 943
-5	15	-39	8	-3	-46	-34	-57	cell = 944 to 951
-26	22	-2	-19	-40	4	26	3	cell = 952 to 959
-37	7	-4	13	-21	-5	0	-9	cell = 960 to 967
12	-29	7	-25	-30	-2	-23	-6	cell = 968 to 975
-19	-29	5	-41	5	-13	-15	0	cell = 976 to 983
0	-53	-10	1	-62	-51	3	-13	cell = 984 to 991
-14	-31	-28	-20	-11	-27	16	-24	cell = 992 to 999
-33	-7	-23	-8	-25	0	-32	-17	cell = 1000 to 1007
-56	-69	-77	-27	-46	28	-59	-23	cell = 1008 to 1015
-36	-10	-70	-5	-22	-45	9	-23	cell = 1016 to 1023
Calibration values from cell 0 to 1024 for channel 5:

38	-11	13	-8	59	-20	23	6	cell = 0 to 7
51	-11	73	-3	55	11	29	-24	cell = 8 to 15
58	16	22	-45	30	22	57	-55	cell = 16 to 23
60	-32	27	5	47	-12	62	-60	cell = 24 to 31
55	-37	8	22	-4	-24	54	-14	cell = 32 to 39
38	-34	19	-8	15	16	42	-15	cell = 40 to 47
30	-29	51	-10	65	-14	45	6	cell = 48 to 55
-1	-11	11	-3	33	-2	54	-16	cell = 56 to 63
74	-2	72	-15	32	-22	80	-28	cell = 64 to 71
54	22	48	-4	52	-24	3	-3	cell = 72 to 79
70	-31	70	-10	82	11	47	23	cell = 80 to 87
66	49	39	0	60	-34	21	-11	cell = 88 to 95
24	5	74	-11	66	-30	48	-40	cell = 96 to 103
33	24	50	11	52	-15	17	-17	cell = 104 to 111
7	2	69	8	36	-17	79	44	cell = 112 to 119
47	7	63	49	52	-29	42	15	cell = 120 to 127
19	4	69	-17	62	3	64	-40	cell = 128 to 135
27	14	51	-35	13	-19	51	17	cell = 136 to 143
43	33	51	-35	47	-6	61	15	cell = 144 to 151
50	22	58	-13	49	-10	51	-45	cell = 152 to 159
35	52	33	-5	24	-15	48	41	cell = 160 to 167
71	-17	69	-3	69	-6	29	-5	cell = 168 to 175
43	-23	72	5	68	0	19	0	cell = 176 to 183
42	42	42	-61	21	-16	34	-34	cell = 184 to 191
66	14	87	6	29	-15	33	-47	cell = 192 to 199
92	-13	45	23	14	-3	53	-24	cell = 200 to 207
53	-44	36	36	27	-13	38	22	cell = 208 to 215
59	-38	83	-21	85	-44	8	-22	cell = 216 to 223
46	-34	74	-26	94	-11	39	-16	cell = 224 to 231
24	-43	104	-39	50	-8	53	-53	cell = 232 to 239
60	-17	37	2	27	-19	24	-27	cell = 240 to 247
9	-25	54	-18	31	8	44	-32	cell = 248 to 255
43	-20	26	24	34	-34	59	27	cell = 256 to 263
66	-18	68	29	17	-19	41	12	cell = 264 to 271
37	-28	37	-14	12	-34	71	29	cell = 272 to 279
-4	-34	52	5	29	9	59	-32	cell = 280 to 287
4	-38	32	16	58	-33	61	14	cell = 288 to 295
31	18	40	3	59	16	43	-22	cell = 296 to 303
83	-12	17	-15	60	-34	74	-6	cell = 304 to 311
13	25	65	-43	59	-14	15	-4	cell = 312 to 319
35	-23	23	0	36	-16	10	-20	cell = 320 to 327
37	-9	62	-20	76	-39	36	28	cell = 328 to 335
59	-26	64	-2	31	1	58	-18	cell = 336 to 343
48	-2	75	10	36	-26	68	-33	cell = 344 to 351
29	-7	40	14	49	9	50	-19	cell = 352 to 359
72	10	48	-29	26	-4	91	-26	cell = 360 to 367
85	25	52	0	42	-23	63	1	cell = 368 to 375
43	-51	46	31	41	-23	49	-41	cell = 376 to 383
3	-49	41	-30	30	-20	76	-4	cell = 384 to 391
73	-63	50	-4	16	-13	78	-9	cell = 392 to 399
75	-41	30	-10	35	-10	23	1	cell = 400 to 407
0	8	51	1	34	0	-2	-2	cell = 408 to 415
57	6	63	-24	71	-32	56	-14	cell = 416 to 423
38	-19	74	-23	21	16	61	-19	cell = 424 to 431
32	-35	15	-39	51	-10	81	-35	cell = 432 to 439
43	32	100	-45	57	24	34	-5	cell = 440 to 447
15	12	37	-2	29	5	26	-33	cell = 448 to 455
81	-12	36	-45	10	25	0	-5	cell = 456 to 463
60	-51	-2	17	46	7	51	-16	cell = 464 to 471
66	-28	53	-2	21	-28	53	-19	cell = 472 to 479
46	-31	73	18	22	6	46	4	cell = 480 to 487
36	36	36	1	63	-19	66	19	cell = 488 to 495
70	-8	-57	-113	-27	-77	-30	-85	cell = 496 to 503
112	-11	85	-5	46	19	36	21	cell = 504 to 511
-32	-2	-18	-50	-3	2	-9	-35	cell = 512 to 519
-38	-4	-28	9	2	-16	35	-14	cell = 520 to 527
1	-12	-4	-63	-53	-8	24	-31	cell = 528 to 535
-53	-32	-39	-26	-51	-58	16	11	cell = 536 to 543
19	-13	-9	-17	43	2	-18	-7	cell = 544 to 551
-31	-6	8	-19	0	0	-36	9	cell = 552 to 559
-31	34	7	10	13	-7	-24	-39	cell = 560 to 567
-22	-16	-13	0	-23	-15	-10	-11	cell = 568 to 575
8	-47	-37	-46	-16	-45	-54	-2	cell = 576 to 583
-45	-43	-18	4	-41	-13	-11	0	cell = 584 to 591
-21	0	-59	-12	-56	-39	-28	-13	cell = 592 to 599
29	-46	-11	10	0	-22	-40	8	cell = 600 to 607
-28	1	15	-43	12	-21	-2	-37	cell = 608 to 615
-8	3	-48	-12	-1	-24	-19	-12	cell = 616 to 623
4	-16	-27	-7	-5	-37	-12	14	cell = 624 to 631
17	-7	-45	-38	-41	-40	-18	-23	cell = 632 to 639
-10	-48	-70	-28	-23	-69	-34	-40	cell = 640 to 647
-15	-54	-32	-6	-52	-10	26	8	cell = 648 to 655
15	-4	0	-58	-41	-28	-46	-7	cell = 656 to 663
5	-31	-10	-13	-5	-16	-8	-27	cell = 664 to 671
-19	-39	9	-20	-22	-11	12	-37	cell = 672 to 679
-28	-17	-10	-31	-18	3	-14	-21	cell = 680 to 687
17	-17	25	1	3	-48	-1	-17	cell = 688 to 695
-41	-37	-30	-2	-42	-47	5	-27	cell = 696 to 703
-14	-5	-26	-12	-41	-19	-23	-43	cell = 704 to 711
-9	-19	27	-22	-18	-1	-26	-27	cell = 712 to 719
-23	-43	13	35	16	-39	6	-6	cell = 720 to 727
-48	-29	-1	-64	-23	19	8	-10	cell = 728 to 735
1	-21	-4	19	-4	-19	-5	6	cell = 736 to 743
6	1	15	-39	-22	-30	-45	-22	cell = 744 to 751
-8	-12	-53	-27	-25	9	-40	-74	cell = 752 to 759
-29	-2	-79	-69	-51	-1	-11	-27	cell = 760 to 767
-31	-15	-21	-32	-10	17	-39	-10	cell = 768 to 775
7	-44	-20	-19	8	-38	-21	-20	cell = 776 to 783
-22	-3	17	-28	-37	-30	18	-24	cell = 784 to 791
-5	7	22	-31	-17	-14	-26	-45	cell = 792 to 799
-24	-24	-20	0	-5	-23	-25	-60	cell = 800 to 807
-41	-6	-25	-21	2	-32	-40	-12	cell = 808 to 815
-14	9	-23	18	-3	-49	-9	-60	cell = 816 to 823
-52	4	-15	-37	-37	7	-1	-20	cell = 824 to 831
-21	-21	19	-31	33	-57	-39	-10	cell = 832 to 839
-54	-17	-40	-40	-28	-23	-12	-29	cell = 840 to 847
-27	-16	-40	-35	-21	-31	-7	-25	cell = 848 to 855
20	-15	-3	-18	-1	6	-35	-42	cell = 856 to 863
8	45	-14	-6	-40	-18	12	17	cell = 864 to 871
7	-15	-35	-18	-40	3	-29	-42	cell = 872 to 879
-17	-15	-49	4	9	-72	10	-30	cell = 880 to 887
-45	-44	-4	-35	15	-47	1	-25	cell = 888 to 895
-4	-34	-23	-38	-43	7	-12	-20	cell = 896 to 903
-7	-6	-18	-8	-12	-36	0	-9	cell = 904 to 911
-12	-18	-21	-48	-27	-39	-21	-30	cell = 912 to 919
-65	-26	-11	5	-17	-36	-15	-42	cell = 920 to 927
-10	12	-23	-5	4	-26	14	-60	cell = 928 to 935
11	33	-50	-5	14	25	-14	-16	cell = 936 to 943
-18	-23	-30	-49	-12	-18	22	12	cell = 944 to 951
-14	-42	-10	-64	-31	-45	15	-2	cell = 952 to 959
-38	-24	29	-14	-41	14	16	5	cell = 960 to 967
-15	-20	19	-14	31	-5	-7	7	cell = 968 to 975
-12	0	-34	-23	-20	-24	-18	-18	cell = 976 to 983
38	-42	-11	-22	-17	-23	-72	16	cell = 984 to 991
-44	-12	-15	-11	-6	-14	-23	-35	cell = 992 to 999
-7	-66	-36	-40	-9	-35	-14	-16	cell = 1000 to 1007
-17	-21	-2	-4	-57	-29	-46	-31	cell = 1008 to 1015
30	-27	-17	-24	-15	-52	-11	-13	cell = 1016 to 1023
Calibration values from cell 0 to 1024 for channel 6:

17	-19	22	-6	42	-31	44	-14	cell = 0 to 7
51	-11	23	-40	35	9	52	8	cell = 8 to 15
85	15	18	19	84	-28	59	0	cell = 16 to 23
49	-31	14	5	64	-23	74	-36	cell = 24 to 31
20	6	47	18	72	-6	64	-49	cell = 32 to 39
0	-30	56	-5	65	-32	36	-9	cell = 40 to 47
11	-9	41	-28	70	-25	73	41	cell = 48 to 55
57	29	31	-23	17	23	18	-17	cell = 56 to 63
38	-42	7	-12	38	8	31	20	cell = 64 to 71
6	-26	26	-36	68	-17	42	-12	cell = 72 to 79
39	-41	12	-4	23	7	83	-48	cell = 80 to 87
33	-9	45	-54	24	-13	15	-22	cell = 88 to 95
51	15	42	-33	68	-45	27	1	cell = 96 to 103
51	-13	45	-26	61	10	37	-12	cell = 104 to 111
-7	17	32	10	54	-3	52	7	cell = 112 to 119
72	-18	45	-12	65	14	10	-9	cell = 120 to 127
71	-7	63	10	39	-2	55	-11	cell = 128 to 135
35	0	47	-19	39	-17	2	-3	cell = 136 to 143
58	-72	80	-17	69	-17	88	-42	cell = 144 to 151
20	-30	40	27	82	-3	78	-14	cell = 152 to 159
45	7	68	-15	44	-47	60	-77	cell = 160 to 167
45	-51	48	14	47	35	29	-18	cell = 168 to 175
37	-2	85	12	45	1	28	-6	cell = 176 to 183
69	-9	42	24	52	-26	47	13	cell = 184 to 191
55	-30	49	-14	45	-11	87	30	cell = 192 to 199
54	10	21	-14	39	-28	67	-19	cell = 200 to 207
51	-11	45	-22	87	21	16	16	cell = 208 to 215
34	-14	21	-44	15	-25	54	28	cell = 216 to 223
55	29	39	-17	29	-37	26	12	cell = 224 to 231
39	-17	29	-20	34	-5	39	4	cell = 232 to 239
35	0	57	38	46	-35	22	-5	cell = 240 to 247
85	4	31	-11	45	-29	19	-10	cell = 248 to 255
37	-17	64	11	27	-32	-7	6	cell = 256 to 263
28	-24	16	16	65	-3	49	-22	cell = 264 to 271
40	3	74	-2	30	-46	58	-19	cell = 272 to 279
36	4	11	3	27	-5	50	-21	cell = 280 to 287
30	-28	34	-23	52	10	76	-26	cell = 288 to 295
44	2	66	8	31	-27	63	-15	cell = 296 to 303
74	15	35	-26	30	-60	41	-17	cell = 304 to 311
28	2	22	1	22	-18	14	27	cell = 312 to 319
32	-55	62	-44	43	-34	45	-48	cell = 320 to 327
39	-3	22	-46	43	-24	51	-7	cell = 328 to 335
56	-40	4	-65	68	-19	47	0	cell = 336 to 343
60	-52	32	-19	80	-2	41	23	cell = 344 to 351
62	-9	39	-28	42	-30	66	-38	cell = 352 to 359
10	-2	64	5	54	-1	81	-44	cell = 360 to 367
60	16	48	9	19	-41	25	-18	cell = 368 to 375
81	21	67	-25	75	-37	60	-29	cell = 376 to 383
57	-13	24	18	28	35	48	-18	cell = 384 to 391
77	33	10	9	49	-14	72	-16	cell = 392 to 399
47	-27	0	-30	12	-8	59	-21	cell = 400 to 407
9	20	1	-48	21	39	45	-22	cell = 408 to 415
81	22	48	12	18	33	27	-6	cell = 416 to 423
49	-13	33	-39	33	2	-4	30	cell = 424 to 431
61	-43	21	-3	45	-37	45	-34	cell = 432 to 439
37	-50	44	-2	83	-34	52	-18	cell = 440 to 447
38	-37	68	-15	45	-19	73	-16	cell = 448 to 455
39	-29	86	3	36	-2	29	-13	cell = 456 to 463
66	-29	57	-6	28	-14	67	-5	cell = 464 to 471
38	-1	76	24	52	6	41	16	cell = 472 to 479
55	-36	19	-21	88	-22	76	-39	cell = 480 to 487
24	-31	85	10	54	-12	82	8	cell = 488 to 495
15	20	-23	-105	-49	-78	-19	-65	cell = 496 to 503
55	8	81	-1	64	-6	37	6	cell = 504 to 511
7	-11	-27	-3	-8	-4	-44	6	cell = 512 to 519
-25	16	2	8	24	-40	-38	-5	cell = 520 to 527
-11	-29	1	-39	-11	-10	-24	3	cell = 528 to 535
-12	4	6	-18	7	-21	-9	-44	cell = 536 to 543
-17	-32	-32	-23	-28	-58	-5	-44	cell = 544 to 551
-11	37	-23	-36	7	-8	20	-17	cell = 552 to 559
-20	-16	-16	0	-13	-8	-7	0	cell = 560 to 567
-20	2	-8	-3	-13	-37	-12	-1	cell = 568 to 575
15	-33	-44	-31	-36	-13	5	-16	cell = 576 to 583
-32	-35	25	-23	-5	-2	10	-39	cell = 584 to 591
3	-9	-6	10	-18	-8	-12	-56	cell = 592 to 599
0	-24	-5	-27	-17	-64	-30	-23	cell = 600 to 607
-37	-32	-11	-6	5	-11	-72	-26	cell = 608 to 615
-10	-18	-29	-20	5	-12	-27	-28	cell = 616 to 623
-3	-7	-41	22	15	5	15	-22	cell = 624 to 631
-16	4	-7	-16	10	-43	-13	41	cell = 632 to 639
-34	-54	-13	-43	-27	-29	-14	-16	cell = 640 to 647
-21	-19	-54	-25	14	-3	-56	0	cell = 648 to 655
15	-29	-8	-8	-9	-25	-6	-6	cell = 656 to 663
-5	2	-75	-44	-37	-39	-31	-11	cell = 664 to 671
4	10	14	13	-33	-7	-35	-18	cell = 672 to 679
-8	-54	-9	-18	-19	32	-3	-25	cell = 680 to 687
7	-3	-27	8	8	-7	9	-23	cell = 688 to 695
-4	-7	-30	-59	-18	-6	-35	-36	cell = 696 to 703
-28	-17	-7	-13	-6	-9	-35	18	cell = 704 to 711
-34	-7	-7	-8	-49	-22	-28	-4	cell = 712 to 719
-47	-19	-48	-37	31	21	-23	-21	cell = 720 to 727
13	-7	19	-4	-16	8	-25	18	cell = 728 to 735
-51	-1	-46	-37	-14	-27	-30	-32	cell = 736 to 743
-52	-30	-16	-53	-29	-71	20	2	cell = 744 to 751
-29	-32	-46	-34	-14	-31	-1	-33	cell = 752 to 759
-20	-46	-30	15	3	-41	-16	28	cell = 760 to 767
-19	-16	-4	-9	-38	16	-30	16	cell = 768 to 775
-30	-37	1	18	-29	-42	-8	-20	cell = 776 to 783
-9	-18	-22	-63	-13	-18	9	-3	cell = 784 to 791
12	-3	-1	18	22	23	-32	10	cell = 792 to 799
-32	0	-42	40	-32	-38	-24	-18	cell = 800 to 807
4	-24	15	-10	-10	-41	-26	-19	cell = 808 to 815
-30	-12	-26	-11	-16	-50	14	-24	cell = 816 to 823
-55	-30	-57	-29	-64	-9	-64	-37	cell = 824 to 831
-31	-8	-38	-32	-46	-5	6	-20	cell = 832 to 839
-23	-28	-45	-42	-35	-29	-31	-4	cell = 840 to 847
-25	-48	3	15	-3	-28	-28	1	cell = 848 to 855
-13	-64	17	-16	-16	-5	-29	-50	cell = 856 to 863
-2	-33	-10	-32	14	-40	-39	14	cell = 864 to 871
-35	-35	-37	-50	-19	-2	11	-18	cell = 872 to 879
-16	-16	-5	-33	11	26	-16	-24	cell = 880 to 887
-3	-35	10	-54	-4	-36	11	-8	cell = 888 to 895
-21	2	-6	-16	30	-23	0	13	cell = 896 to 903
14	-33	11	7	-42	-42	-44	-14	cell = 904 to 911
-1	-35	-7	7	41	-30	-35	11	cell = 912 to 919
16	-4	1	-17	-25	-7	-28	-9	cell = 920 to 927
-6	-18	-31	-7	-7	13	9	-18	cell = 928 to 935
-23	33	-14	-23	13	-9	-41	-10	cell = 936 to 943
-6	-43	-49	-38	-45	18	-21	-33	cell = 944 to 951
-65	-46	-30	-43	19	1	-11	-25	cell = 952 to 959
-42	-45	-34	-39	16	-49	27	-47	cell = 960 to 967
-19	-4	-4	-8	5	-10	-20	-2	cell = 968 to 975
-15	34	-35	-28	-22	-33	11	0	cell = 976 to 983
-10	-22	-32	16	-4	9	-19	-23	cell = 984 to 991
-73	-52	17	-25	-16	0	21	10	cell = 992 to 999
10	-44	1	-40	-4	16	-43	-23	cell = 1000 to 1007
-21	42	-33	-29	2	2	-23	-23	cell = 1008 to 1015
-36	-33	8	-32	-70	-50	-43	-31	cell = 1016 to 1023
Calibration values from cell 0 to 1024 for channel 7:

46	-11	34	-15	18	-26	50	-29	cell = 0 to 7
47	1	52	31	6	28	41	-4	cell = 8 to 15
24	-41	36	-3	59	-30	58	-51	cell = 16 to 23
83	-8	14	18	25	-31	26	15	cell = 24 to 31
31	-35	53	-2	64	-24	63	7	cell = 32 to 39
70	3	17	-2	36	5	10	-29	cell = 40 to 47
47	-18	33	-35	61	-13	9	-2	cell = 48 to 55
23	-5	34	4	38	-28	7	30	cell = 56 to 63
36	35	37	-3	30	1	11	-17	cell = 64 to 71
2	13	37	27	29	-7	44	-11	cell = 72 to 79
30	-28	61	-39	15	-34	24	6	cell = 80 to 87
33	-13	17	-13	24	-7	34	4	cell = 88 to 95
30	-33	39	6	48	-3	61	-45	cell = 96 to 103
70	-24	54	-34	50	-25	35	-38	cell = 104 to 111
57	-10	8	30	39	-69	43	7	cell = 112 to 119
76	-52	29	10	29	-10	28	-31	cell = 120 to 127
59	13	50	-10	48	-36	56	-3	cell = 128 to 135
19	-39	89	-28	73	-58	48	19	cell = 136 to 143
0	32	56	-3	60	24	33	-5	cell = 144 to 151
82	1	78	-13	55	-63	52	4	cell = 152 to 159
63	-21	38	20	34	-21	52	30	cell = 160 to 167
58	-37	49	-20	40	4	38	13	cell = 168 to 175
76	-51	17	-20	66	16	24	18	cell = 176 to 183
42	-20	55	-17	68	-53	52	-6	cell = 184 to 191
50	-34	46	-15	79	-5	15	-8	cell = 192 to 199
36	33	16	-41	55	41	-29	-27	cell = 200 to 207
43	-38	91	-24	50	-12	20	-19	cell = 208 to 215
64	-10	73	-2	32	-78	35	-4	cell = 216 to 223
114	0	55	23	28	26	23	-17	cell = 224 to 231
69	-13	-5	-28	58	-1	22	3	cell = 232 to 239
63	50	52	7	-11	-15	49	-26	cell = 240 to 247
37	-5	66	0	35	-8	49	-15	cell = 248 to 255
39	6	18	-19	14	-5	12	-13	cell = 256 to 263
43	-50	22	9	52	-53	49	-7	cell = 264 to 271
56	-20	-15	0	54	-1	1	-24	cell = 272 to 279
1	-35	43	31	37	-34	18	-7	cell = 280 to 287
59	-7	19	-9	50	-18	83	-12	cell = 288 to 295
58	-58	20	15	39	39	3	-26	cell = 296 to 303
68	-36	31	14	89	44	49	-7	cell = 304 to 311
50	1	61	-28	77	13	20	-21	cell = 312 to 319
36	-55	70	33	82	-14	43	-23	cell = 320 to 327
69	-45	7	7	29	-5	59	-29	cell = 328 to 335
33	18	100	-24	25	-33	72	2	cell = 336 to 343
47	-14	77	0	-5	-12	17	4	cell = 344 to 351
47	5	17	3	99	17	41	5	cell = 352 to 359
26	8	62	5	20	-26	-6	-33	cell = 360 to 367
33	-36	42	-14	58	-18	84	-30	cell = 368 to 375
50	10	45	-26	92	-28	35	-6	cell = 376 to 383
69	11	75	0	90	-30	17	6	cell = 384 to 391
33	1	58	-47	80	21	52	-16	cell = 392 to 399
67	-18	51	-11	21	-29	42	-23	cell = 400 to 407
52	-5	13	-7	40	15	19	41	cell = 408 to 415
22	22	29	-7	45	-21	35	-40	cell = 416 to 423
43	-39	6	9	57	-49	55	-33	cell = 424 to 431
73	-49	53	-10	17	7	34	24	cell = 432 to 439
68	-22	46	0	60	-7	37	-5	cell = 440 to 447
70	31	48	-14	-3	-14	45	2	cell = 448 to 455
28	7	65	4	15	1	59	26	cell = 456 to 463
59	29	21	-33	61	-51	17	19	cell = 464 to 471
65	45	43	41	105	-20	-4	-32	cell = 472 to 479
23	17	44	20	55	9	67	-1	cell = 480 to 487
16	-12	63	-22	82	-5	32	-9	cell = 488 to 495
47	15	-60	-84	-9	-65	-40	-50	cell = 496 to 503
53	20	37	-15	61	-14	61	-34	cell = 504 to 511
-9	-4	-36	-16	-21	-32	-21	18	cell = 512 to 519
-28	4	-36	-27	-65	8	-34	-19	cell = 520 to 527
-12	-34	31	-13	-29	8	-8	14	cell = 528 to 535
-18	-41	10	-44	-1	-16	-10	-34	cell = 536 to 543
-23	-27	-44	-33	-18	-5	-9	-41	cell = 544 to 551
-22	-29	-44	0	29	9	15	-12	cell = 552 to 559
-5	37	-10	-39	-15	-14	-35	-20	cell = 560 to 567
-20	31	-28	-47	-4	0	6	-32	cell = 568 to 575
-8	-28	2	-25	-13	-16	-7	-22	cell = 576 to 583
-7	-12	-28	-33	-28	15	-18	-54	cell = 584 to 591
-2	29	-28	0	-26	-30	5	63	cell = 592 to 599
0	5	1	-16	-38	-14	-40	10	cell = 600 to 607
15	-26	18	4	-19	-9	-17	39	cell = 608 to 615
-24	-18	42	22	16	7	-23	-23	cell = 616 to 623
-14	-27	-20	1	17	-30	-16	-16	cell = 624 to 631
-5	-56	-25	-21	0	-43	-18	-31	cell = 632 to 639
-10	-51	-24	-24	-25	-39	-25	-55	cell = 640 to 647
-1	-6	-24	-41	-29	-25	-13	-47	cell = 648 to 655
-5	-11	40	0	-34	-37	-6	-29	cell = 656 to 663
28	-18	13	22	-38	-26	-4	-54	cell = 664 to 671
-9	-54	19	-2	-31	-8	20	-30	cell = 672 to 679
-44	-25	41	-36	10	-40	-42	-60	cell = 680 to 687
-72	-24	-15	-38	-25	-5	-11	-18	cell = 688 to 695
-53	-68	-26	28	-37	35	-20	-18	cell = 696 to 703
-50	-39	-17	-50	-41	-79	-56	-27	cell = 704 to 711
-2	9	13	-31	-25	-18	11	-28	cell = 712 to 719
26	-12	-28	18	-24	-40	6	-20	cell = 720 to 727
-25	-13	-15	12	31	-4	-13	-14	cell = 728 to 735
-72	-34	-4	-59	-43	17	-19	-20	cell = 736 to 743
-35	-16	-19	0	-33	0	-18	-39	cell = 744 to 751
34	30	2	-18	0	-8	-6	-20	cell = 752 to 759
-21	-9	21	-19	-66	-67	-8	1	cell = 760 to 767
-9	-33	-9	-32	-10	-46	-25	-60	cell = 768 to 775
-35	-30	-23	-46	-13	5	-25	-36	cell = 776 to 783
-17	18	19	-42	-42	-17	-23	-19	cell = 784 to 791
-3	-19	-31	-1	-8	-6	0	-30	cell = 792 to 799
-50	11	30	-68	-41	-44	-14	11	cell = 800 to 807
16	0	-16	19	-36	35	13	-43	cell = 808 to 815
-33	-16	-31	9	-2	-33	29	-17	cell = 816 to 823
-47	-17	-28	-20	-51	-18	-26	-16	cell = 824 to 831
-4	-33	9	-25	-56	-15	-55	-30	cell = 832 to 839
-27	-1	-2	-11	-18	12	-34	-6	cell = 840 to 847
-30	-22	-24	-13	-31	-22	0	-39	cell = 848 to 855
-2	0	-44	-58	-8	5	-14	-47	cell = 856 to 863
-22	32	-35	5	-23	-47	-12	-32	cell = 864 to 871
-17	-23	-24	-41	8	5	11	-42	cell = 872 to 879
26	-2	-25	-53	-40	-2	-24	-28	cell = 880 to 887
-30	-5	-39	-6	-39	-7	-21	-3	cell = 888 to 895
-63	-20	19	11	-87	-17	22	-48	cell = 896 to 903
35	15	-38	31	-37	-24	-31	-30	cell = 904 to 911
-60	8	-19	-55	6	15	-50	-29	cell = 912 to 919
-7	8	-32	-74	-17	-42	13	-21	cell = 920 to 927
-23	-23	-51	10	-16	-16	-1	-31	cell = 928 to 935
-24	-42	3	-11	3	3	-2	-26	cell = 936 to 943
9	33	31	-35	-7	-4	-15	-7	cell = 944 to 951
-4	-33	-16	-11	-37	-36	-3	-33	cell = 952 to 959
-7	-16	-38	-30	-27	-2	-35	-17	cell = 960 to 967
14	-3	-41	-3	-20	-29	-25	-12	cell = 968 to 975
-10	-18	-42	-15	-10	-47	-7	-28	cell = 976 to 983
-4	-29	10	7	-3	28	-7	3	cell = 984 to 991
-14	-17	3	3	-14	-1	-28	0	cell = 992 to 999
-57	-48	-2	-8	-12	-34	-16	-38	cell = 1000 to 1007
8	-8	-59	-13	-35	-44	27	-15	cell = 1008 to 1015
-33	-22	-14	9	-4	-13	-3	-53	cell = 1016 to 1023
Calibration values from cell 0 to 1024 for channel 8:

38	-36	22	-22	71	-11	54	22	cell = 0 to 7
42	-23	74	-10	43	11	50	54	cell = 8 to 15
30	-4	13	20	26	-28	62	2	cell = 16 to 23
65	12	80	7	109	21	13	-10	cell = 24 to 31
27	-23	59	-29	44	-4	71	-5	cell = 32 to 39
20	-16	49	-4	32	-5	43	-9	cell = 40 to 47
70	-27	29	20	15	-7	68	-19	cell = 48 to 55
15	-12	90	-44	31	16	-4	1	cell = 56 to 63
65	36	39	-18	62	-6	84	-21	cell = 64 to 71
23	7	29	10	-1	-3	14	-1	cell = 72 to 79
30	-20	48	17	68	-12	29	27	cell = 80 to 87
32	-13	52	-5	96	-4	54	-6	cell = 88 to 95
0	2	69	-8	31	-23	32	3	cell = 96 to 103
53	10	17	2	40	24	55	12	cell = 104 to 111
79	-34	71	-10	61	-9	55	5	cell = 112 to 119
60	24	36	-8	87	-9	17	-1	cell = 120 to 127
37	40	53	1	6	-1	60	13	cell = 128 to 135
14	-18	1	-7	25	23	57	-26	cell = 136 to 143
66	21	62	-36	48	3	66	8	cell = 144 to 151
54	-9	78	-64	13	-8	26	-19	cell = 152 to 159
50	24	40	37	38	-19	13	48	cell = 160 to 167
73	-11	49	0	67	30	10	1	cell = 168 to 175
27	21	41	0	21	27	23	6	cell = 176 to 183
2	-6	57	-9	64	9	25	-19	cell = 184 to 191
59	12	22	-9	62	-19	17	13	cell = 192 to 199
45	-7	57	24	56	-35	50	-14	cell = 200 to 207
36	-14	66	10	118	-10	28	13	cell = 208 to 215
92	36	51	6	45	24	37	-41	cell = 216 to 223
58	-22	22	1	25	-29	7	13	cell = 224 to 231
56	30	54	3	15	-4	42	25	cell = 232 to 239
40	20	34	-15	31	-21	42	-20	cell = 240 to 247
-1	-24	41	12	20	1	60	-14	cell = 248 to 255
66	18	33	-17	42	-10	37	-13	cell = 256 to 263
45	-32	35	-18	22	13	84	-13	cell = 264 to 271
30	-48	17	-25	55	-10	13	-2	cell = 272 to 279
57	-1	31	1	34	-8	84	-17	cell = 280 to 287
65	-73	48	-1	60	4	28	1	cell = 288 to 295
29	-35	48	7	22	-48	57	31	cell = 296 to 303
34	5	76	24	36	-24	27	-18	cell = 304 to 311
57	30	33	15	11	3	22	13	cell = 312 to 319
40	-11	57	-13	75	-15	28	-20	cell = 320 to 327
48	-10	62	14	39	45	68	0	cell = 328 to 335
45	18	68	17	60	-32	37	18	cell = 336 to 343
76	-47	74	-16	53	-32	45	-1	cell = 344 to 351
32	-1	38	-15	16	-32	31	-17	cell = 352 to 359
-11	-13	59	22	61	-26	63	-5	cell = 360 to 367
30	-14	68	0	58	-10	76	-14	cell = 368 to 375
60	-21	52	-2	46	-47	82	-13	cell = 376 to 383
31	-20	24	7	78	23	31	-3	cell = 384 to 391
15	-41	11	-20	67	3	62	28	cell = 392 to 399
35	-35	93	-15	59	42	48	-16	cell = 400 to 407
56	-13	64	9	50	16	71	-53	cell = 408 to 415
2	-25	43	-20	56	-21	69	4	cell = 416 to 423
44	0	45	29	73	4	60	15	cell = 424 to 431
39	55	48	27	57	-28	26	34	cell = 432 to 439
50	-32	36	-42	68	-25	52	-18	cell = 440 to 447
25	8	42	-75	27	-31	72	-26	cell = 448 to 455
31	9	53	-13	18	16	28	-3	cell = 456 to 463
21	-12	41	15	31	-33	69	-19	cell = 464 to 471
50	-25	87	-22	-2	4	78	-27	cell = 472 to 479
63	-1	40	24	35	-43	55	-31	cell = 480 to 487
55	57	55	17	50	5	31	-26	cell = 488 to 495
56	-22	12	-72	-17	-40	-48	-77	cell = 496 to 503
47	25	71	6	40	40	47	-24	cell = 504 to 511
24	20	-38	-32	-77	-44	-26	-53	cell = 512 to 519
6	-33	-15	-3	-49	-4	3	-32	cell = 520 to 527
-26	-23	-58	-10	-26	-49	-62	-15	cell = 528 to 535
20	-28	-20	-59	-9	-47	-33	-53	cell = 536 to 543
1	-25	-35	-5	-30	-12	-10	19	cell = 544 to 551
-46	-65	25	-26	-5	-9	-41	-32	cell = 552 to 559
-59	-29	-23	-22	5	-24	-20	-34	cell = 560 to 567
-13	-1	-39	16	-4	-48	-14	-31	cell = 568 to 575
-36	-23	-24	-25	-41	-19	-31	-4	cell = 576 to 583
-11	-30	-29	-49	4	-57	-9	-8	cell = 584 to 591
-30	2	-26	-32	-33	-55	-10	9	cell = 592 to 599
-25	10	-39	-14	-45	-36	8	2	cell = 600 to 607
0	-4	-33	-31	-19	-16	4	-32	cell = 608 to 615
-24	17	-22	-13	-43	-14	-10	-20	cell = 616 to 623
-36	-14	-16	-37	-18	-9	-36	-34	cell = 624 to 631
11	-25	0	-28	-11	-35	-11	29	cell = 632 to 639
-37	-46	-48	2	-15	-60	-27	-25	cell = 640 to 647
-46	-43	-24	-25	-14	-64	-40	-12	cell = 648 to 655
-22	-41	-19	-3	-11	-37	-26	20	cell = 656 to 663
-8	-24	-41	8	-3	-9	-32	2	cell = 664 to 671
-17	-22	-18	2	-19	11	-40	-36	cell = 672 to 679
-34	-36	-3	-13	-44	-37	-39	-49	cell = 680 to 687
-12	-5	-6	-10	-7	-43	-33	-24	cell = 688 to 695
-22	-34	4	-32	-29	-17	-52	18	cell = 696 to 703
-8	-37	-20	3	-40	10	-14	-52	cell = 704 to 711
-21	-34	-22	-8	-26	4	17	-8	cell = 712 to 719
-20	5	-35	-48	-8	-11	-27	12	cell = 720 to 727
27	8	-18	-48	19	-23	-29	-54	cell = 728 to 735
-10	-47	-14	-14	-43	-19	21	14	cell = 736 to 743
-17	12	-25	-45	-18	-21	4	-31	cell = 744 to 751
-16	-38	-56	-20	-53	-73	25	-43	cell = 752 to 759
-51	-7	-24	26	-16	9	-41	-15	cell = 760 to 767
-52	-36	-24	5	5	-15	8	-29	cell = 768 to 775
10	-20	-6	-45	-37	-52	-31	-25	cell = 776 to 783
-9	-3	5	-45	-74	-64	-30	-5	cell = 784 to 791
-9	-25	3	15	-7	-13	-41	-8	cell = 792 to 799
-36	-18	-18	-28	-3	-35	-57	-17	cell = 800 to 807
4	-11	-70	-4	24	-35	-31	-33	cell = 808 to 815
-14	0	-28	8	14	6	-18	-10	cell = 816 to 823
11	-7	-49	-22	-18	3	-29	-19	cell = 824 to 831
-24	-36	-52	-2	-21	-14	-28	-27	cell = 832 to 839
23	6	-60	-3	18	-34	14	-39	cell = 840 to 847
33	-24	-47	5	-34	-16	-48	-3	cell = 848 to 855
25	6	-45	-14	2	-37	-2	-36	cell = 856 to 863
-18	16	-2	-30	-12	-21	-32	-25	cell = 864 to 871
-32	-12	-32	2	28	-53	11	26	cell = 872 to 879
3	-46	-41	4	-15	-22	11	-12	cell = 880 to 887
-20	-6	16	-21	-29	-43	-32	7	cell = 888 to 895
-23	-40	-43	-34	-4	-14	-5	-23	cell = 896 to 903
-43	-32	3	-19	-30	-22	22	-28	cell = 904 to 911
13	-23	-35	19	-2	11	-1	-34	cell = 912 to 919
-16	-18	-30	-40	-28	49	-39	-27	cell = 920 to 927
12	19	-35	-21	-49	-45	-52	0	cell = 928 to 935
1	4	-25	-43	-8	-28	-20	-23	cell = 936 to 943
3	-49	-51	-19	-15	-52	-43	-24	cell = 944 to 951
23	-42	4	6	-38	-19	-24	-43	cell = 952 to 959
-20	-49	-72	-18	-41	-45	-8	10	cell = 960 to 967
16	-21	-31	-7	-8	-24	-58	-37	cell = 968 to 975
-9	-24	4	-17	18	38	-19	-26	cell = 976 to 983
-25	-19	-33	-7	-46	-34	-64	-25	cell = 984 to 991
-45	-65	-8	-17	-42	-38	-26	-46	cell = 992 to 999
-20	-1	-36	-13	-26	-35	7	13	cell = 1000 to 1007
-19	-37	-23	-17	-3	-38	-10	-34	cell = 1008 to 1015
15	-24	-28	11	9	12	-35	-29	cell = 1016 to 1023
